Feature	Gain	Cover	Frequency
urban_x_oop	0.721917421538903	0.0407401938033557	0.0309917355371901
pop65_x_oop	0.0916319283050835	0.0110614179429841	0.00895316804407714
urban_x_oop_rank	0.0596907619180371	0.00171582071079983	0.00137741046831956
pop65_x_oop_rank	0.0417536992405641	0.00170175660661294	0.00137741046831956
urban_x_oop_lag1	0.0197880609187275	0.0149149824901903	0.0110192837465565
SP.POP.2024.FE.5Y_rank	0.0141951389354469	0.00939482159683839	0.00482093663911846
SH.DTH.MORT_lag1	0.00965127007137545	0.00227838487827518	0.00206611570247934
EN.URB.LCTY	0.00454011446746771	0.000780557782372052	0.00137741046831956
TX.VAL.MRCH.R2.ZS	0.00213768732818737	0.000537951985148306	0.00068870523415978
NE.TRD.GNFS.ZS	0.00143990094453528	0.000393794917232747	0.00068870523415978
SP.POP.2024.MA.5Y_lag1	0.0013162394548482	0.00305894266064723	0.00137741046831956
TM.VAL.MRCH.OR.ZS_lag1	0.00119698120731308	0.000291830161877839	0.00068870523415978
NE.CON.PRVT.PC.KD_avg2	0.00108174667648582	0.00146266683543592	0.00137741046831956
EN.GHG.N2O.BU.MT.CE.AR5_lag1	0.00101572332241203	0.00113567641309087	0.00068870523415978
EN.GHG.N2O.BU.MT.CE.AR5_max2	0.00099239943842947	0.00227135282618174	0.00137741046831956
urban_x_oop_delta1	0.000906089395815497	0.00292533367087183	0.00275482093663912
EN.URB.LCTY_min2	0.000870536415206786	0.000485211594447492	0.00068870523415978
SH.DYN.NMRT	0.000743516111244938	0.00575925066452892	0.0034435261707989
NE.CON.PRVT.PC.KD_min2	0.000712199316054083	0.000457083386073724	0.00068870523415978
AG.LND.CREL.HA_min2	0.000696404405048572	0.000305894266064723	0.00068870523415978
FP.CPI.TOTL_rank	0.000674880594285609	0.000393794917232747	0.00068870523415978
NE.CON.PRVT.PC.KD	0.000645498961314807	0.000309410292111444	0.00068870523415978
FS.AST.CGOV.GD.ZS_min2	0.000627590909119544	0.00180372136196785	0.00206611570247934
EN.GHG.CO2.RT.GDP.KD	0.000577589001797335	0.00104425973587612	0.00206611570247934
SM.POP.RHCR.EO_lag1	0.000572990940577454	0.00103371165773596	0.00137741046831956
SP.POP.7074.FE.5Y_delta1	0.000462952992512133	0.00192326624755636	0.00206611570247934
TX.VAL.MRCH.HI.ZS_lag1	0.000418608605078883	0.00163495211172524	0.00275482093663912
SP.POP.0004.MA.5Y_lag1	0.000376379093265521	0.00611788532129446	0.00275482093663912
FI.RES.XGLD.CD	0.00036385081614003	0.000671560974923702	0.00206611570247934
BX.GSR.TRAN.ZS_tend2	0.000363205872426492	0.0147180850315739	0.00895316804407714
EN.GHG.CH4.PI.MT.CE.AR5_delta1	0.000361467961457094	0.00970071586290311	0.00482093663911846
DC.DAC.TOTL.CD_isNA_rank	0.000359607465097197	0.00260889132666695	0.00137741046831956
EN.GHG.N2O.FE.MT.CE.AR5	0.000327340544035562	0.000168769250242606	0.00068870523415978
EG.USE.ELEC.KH.PC_min2	0.00032657110561591	0.00917682798194169	0.00413223140495868
ER.FSH.CAPT.MT_avg2	0.000322945392036968	0.000298862213971281	0.00068870523415978
TX.VAL.MRCH.RS.ZS	0.000298995042658807	0.00113567641309087	0.00068870523415978
AG.LND.AGRI.ZS	0.000292618701584749	0.00133257387170724	0.00137741046831956
SP.POP.2024.FE.5Y_lag1	0.000282781473263472	0.00152947133032362	0.00068870523415978
IS.AIR.GOOD.MT.K1_tend2	0.000264631659714496	0.00907486322658678	0.00550964187327824
ER.FSH.CAPT.MT_ratioavg2	0.000264392116416856	0.0115185013290578	0.0068870523415978
AG.LND.TOTL.K2_tend2	0.000262279336380901	0.00740475085439433	0.0034435261707989
EN.GHG.CH4.BU.MT.CE.AR5_ratioavg2	0.00024698496320071	0.00959171905545476	0.00550964187327824
SP.RUR.TOTL.ZS_delta1	0.000236737412733114	0.00181075341406129	0.00206611570247934
AG.LND.AGRI.ZS_min2	0.000236295015063757	0.000840330225166308	0.00068870523415978
NV.AGR.TOTL.CN_delta1	0.000232130736951169	0.00807279580327131	0.00482093663911846
NY.GDP.TOTL.RT.ZS	0.000232100700417904	0.00611788532129446	0.00275482093663912
AG.LND.TOTL.K2_ratioavg2	0.000230549728814726	0.007232465578105	0.0034435261707989
SP.POP.3034.MA.5Y_delta1	0.000227081274694178	0.00305894266064723	0.00137741046831956
SP.POP.4044.MA.5Y_delta1	0.000222044052438871	0.00690195912971323	0.0034435261707989
FP.CPI.TOTL.ZG_max2	0.000218464990807748	0.00434932421979382	0.00206611570247934
TX.VAL.FOOD.ZS.UN_delta1	0.000214386330053186	0.0028866573843579	0.00206611570247934
FP.CPI.TOTL	0.000213288570940639	0.000485211594447492	0.00137741046831956
SH.IMM.IDPT_lag1	0.000212361914519784	0.00105832384006301	0.00137741046831956
FM.LBL.BMNY.GD.ZS_rank	0.000212197760339611	0.000400826969326189	0.00068870523415978
AG.LND.AGRI.ZS_max2	0.000209530997727775	0.00119896488193185	0.00068870523415978
FI.RES.TOTL.MO_delta1	0.000209357753301433	0.000889554589820402	0.00137741046831956
EN.GHG.CH4.PI.MT.CE.AR5_tend2	0.00020387333927655	0.00506307750727817	0.00275482093663912
SP.POP.3539.FE.5Y	0.000199393936892351	0.000421923125606515	0.00068870523415978
EN.URB.MCTY.TL.ZS_max2	0.000199033037123638	0.000840330225166308	0.00068870523415978
SP.POP.TOTL.FE.ZS_lag1	0.000197402814841821	0.000172285276289327	0.00068870523415978
AG.LND.ARBL.ZS_tend2	0.000196891098546703	0.00297104200947921	0.00137741046831956
EN.GHG.CO2.MT.CE.AR5_min2	0.000192043060044236	0.00029534618792456	0.00068870523415978
EN.GHG.N2O.PI.MT.CE.AR5_ratioavg2	0.000184978946186249	0.0165253224195885	0.0117079889807163
BX.GRT.TECH.CD.WD	0.000184804148663692	0.000850878303306471	0.00068870523415978
FP.CPI.TOTL.ZG_lag1	0.000182170127212627	0.00119896488193185	0.00068870523415978
SH.MMR.RISK_delta1	0.000177394221882793	0.00209555152384569	0.00137741046831956
NE.EXP.GNFS.ZS	0.00017384550837454	0.00265459966527432	0.00206611570247934
BM.KLT.DINV.WD.GD.ZS_min2	0.000171349327651873	0.00150485914799657	0.00206611570247934
SP.POP.4044.FE.5Y	0.000168451101641582	0.00152947133032362	0.00068870523415978
EN.GHG.CH4.BU.MT.CE.AR5_avg2	0.000164393734687782	0.00066452892283026	0.00068870523415978
EN.GHG.N2O.PI.MT.CE.AR5_tend2	0.000161162253794306	0.00936669338846462	0.00550964187327824
AG.CON.FERT.ZS_avg2	0.000157465399661671	0.00163143608567852	0.00137741046831956
FM.LBL.BMNY.GD.ZS	0.000155157725254914	0.00125170527263266	0.00068870523415978
EN.GHG.N2O.MT.CE.AR5_ratioavg2	0.000153117948235584	0.00594560004500513	0.0034435261707989
AG.YLD.CREL.KG_avg2	0.000146351852733595	0.00589285965430432	0.00275482093663912
PA.NUS.ATLS	0.000145970854327317	0.0044126126886348	0.00275482093663912
SP.POP.3034.FE.5Y_delta1	0.000140366767936843	0.00368831132301028	0.0034435261707989
SE.ENR.PRIM.FM.ZS	0.000138700873390323	0.000239089771177025	0.00068870523415978
BX.GSR.TRAN.ZS_delta1	0.000134656616736412	0.00473960311097985	0.00413223140495868
AG.LND.AGRI.K2_ratioavg2	0.000132768667567714	0.00269679197783497	0.00137741046831956
EN.GHG.CH4.BU.MT.CE.AR5_delta1	0.000130058755617674	0.00290775354063823	0.00206611570247934
NY.GDP.PCAP.CD	0.000129908483430245	0.00112161230890398	0.00068870523415978
SP.POP.5054.MA.5Y	0.000126983810182025	0.0038922408337201	0.00206611570247934
SP.POP.0509.FE.5Y	0.000123955437358456	0.00579792695104285	0.00275482093663912
SP.DYN.AMRT.MA_lag1	0.000123370066004376	0.00352657412486112	0.00206611570247934
SP.DYN.TFRT.IN	0.000122491555641901	0.00578034682080925	0.00275482093663912
AG.YLD.CREL.KG_min2	0.000120194117665288	0.00498924096029703	0.0034435261707989
NV.IND.TOTL.CN_isNA_rank	0.000116649957070547	0.00245067015456451	0.00137741046831956
SE.TER.ENRR	0.00011491112204073	0.00253505477968581	0.00206611570247934
NE.CON.PRVT.KD.ZG_isNA_rank	0.000110892824580563	0.00152947133032362	0.00068870523415978
SP.DYN.TO65.MA.ZS_lag1	0.000110673640356159	0.00171582071079983	0.00137741046831956
BX.GSR.TRVL.ZS	0.000109534306012382	0.000559048141428632	0.00068870523415978
AG.LND.AGRI.K2_ratiomax2	0.000104638607486174	0.00152947133032362	0.00068870523415978
EN.GHG.CH4.TR.MT.CE.AR5_tend2	0.000104428221215473	0.000168769250242606	0.00068870523415978
AG.PRD.FOOD.XD_lag1	0.000101359797992498	0.000232057719083583	0.00068870523415978
EN.GHG.ALL.PC.CE.AR5_rank	0.000100384314360052	0.00145211875729575	0.00068870523415978
SP.POP.0014.MA.ZS_lag1	9.7642882887505e-05	0.00335780487461851	0.00206611570247934
ER.FSH.PROD.MT_delta1	9.65857970782935e-05	0.00152947133032362	0.00068870523415978
SP.POP.DPND.YG_lag1	9.64330637211248e-05	0.00724652968229189	0.0034435261707989
EG.ELC.PETR.ZS_rank	9.58733984682173e-05	0.000284798109784397	0.00068870523415978
YearsSinceFirst_lag1	9.5143593343482e-05	0.000312926318158165	0.00068870523415978
SP.DYN.CBRT.IN	8.97382821029764e-05	0.00305894266064723	0.00137741046831956
EN.GHG.ALL.PC.CE.AR5_max2	8.80513265635627e-05	0.00152947133032362	0.00068870523415978
DT.ODA.ODAT.KD	8.47544199323788e-05	0.000762977652138447	0.00068870523415978
EN.GHG.CO2.PC.CE.AR5_min2	8.4543772916316e-05	0.00152947133032362	0.00068870523415978
SE.PRM.TCHR	8.27713457521885e-05	0.00022150964094342	0.00068870523415978
SP.POP.6064.FE.5Y_delta1	8.19225174171962e-05	0.00305894266064723	0.00137741046831956
SP.POP.5054.FE.5Y_delta1	7.96425141714579e-05	0.000270734005597513	0.00068870523415978
NY.GSR.NFCY.CN_delta1	7.87745320636169e-05	0.0029534618792456	0.00206611570247934
FM.AST.NFRG.CN_lag1	7.8697426753325e-05	0.00126576937681954	0.00137741046831956
NY.ADJ.AEDU.GN.ZS_delta1	7.84659872767165e-05	0.00337890103089884	0.00275482093663912
SH.DTH.IMRT_lag1	7.83832056896617e-05	0.00152947133032362	0.00068870523415978
SE.PRM.ENRR.FE_rank	7.57107630572519e-05	0.000316442344204886	0.00068870523415978
SH.DYN.MORT_lag1	7.44677828728099e-05	0.00289720546249807	0.00137741046831956
SP.POP.7579.MA.5Y_rank	7.24833904860772e-05	0.00237683360758337	0.00206611570247934
EN.GHG.CH4.TR.MT.CE.AR5_ratioavg2	7.21439089998104e-05	0.000643432766549935	0.00137741046831956
AG.PRD.CROP.XD_lag1	7.17499335498831e-05	0.0016771444242859	0.00206611570247934
SP.POP.4044.FE.5Y_delta1	6.6759085870113e-05	0.00022150964094342	0.00068870523415978
EN.GHG.ALL.PC.CE.AR5_min2	6.46883871541854e-05	0.00152947133032362	0.00068870523415978
SP.POP.TOTL.FE.ZS_rank	6.3790598592232e-05	0.000569596219568795	0.00068870523415978
SP.POP.1014.MA.5Y	5.96353816562284e-05	0.00152947133032362	0.00068870523415978
NY.ADJ.NNTY.CD_isNA_rank	5.81106402325781e-05	0.000727817391671238	0.00206611570247934
AG.PRD.CROP.XD	5.71508906226912e-05	0.00149782709590313	0.00137741046831956
EG.USE.PCAP.KG.OE_tend2	5.58590537166258e-05	0.00180723738801457	0.00137741046831956
SP.POP.0509.FE.5Y_lag1	5.50863326362013e-05	0.00723949763019845	0.0034435261707989
SP.POP.5559.MA.5Y	5.31882363382416e-05	0.00432119601142005	0.00206611570247934
SP.POP.0509.MA.5Y	5.27843519039129e-05	0.00289368943645135	0.00137741046831956
AG.LND.ARBL.HA_ratioavg2	4.91078418279819e-05	0.0085580073977188	0.00482093663911846
SE.PRM.ENRL.FE.ZS_isNA_rank	4.8924370950402e-05	0.000316442344204886	0.00068870523415978
NE.CON.TOTL.CD	4.76707671542804e-05	0.000879006511680239	0.00068870523415978
NY.GSR.NFCY.CN	4.74733775202928e-05	0.00268624389969481	0.00275482093663912
NV.SRV.TOTL.ZS_lag1	4.68146203312422e-05	0.000253153875363909	0.00068870523415978
TM.VAL.FOOD.ZS.UN_lag1	4.44663188131593e-05	0.000731333417717958	0.00137741046831956
NY.GSR.NFCY.CN_lag1	4.43085614280232e-05	0.00022150964094342	0.00068870523415978
NE.RSB.GNFS.ZS_lag1	4.40196696620576e-05	0.00152947133032362	0.00068870523415978
DC.DAC.CECL.CD_rank	4.39686903239914e-05	0.00188107393499571	0.00206611570247934
AG.PRD.CROP.XD_tend2	4.35631175276619e-05	0.00535490766915601	0.00413223140495868
SH.DTH.NMRT	4.27482083322737e-05	0.00290423751459151	0.00137741046831956
NE.IMP.GNFS.KD_delta1	4.23593744549393e-05	0.00146618286148264	0.00137741046831956
NY.GDP.PCAP.CN_lag1	4.16070406226748e-05	0.00151540722613673	0.00137741046831956
ER.FSH.CAPT.MT_ratiomax2	4.15098908430698e-05	0.00456028578259708	0.00275482093663912
TM.VAL.FOOD.ZS.UN_delta1	4.1250800576174e-05	0.000263701953504072	0.00068870523415978
FM.AST.NFRG.CN_avg2	3.89904237042517e-05	0.00025666990141063	0.00068870523415978
SH.DYN.MORT.MA_lag1	3.69816313105629e-05	0.00435635627188726	0.00206611570247934
IT.MLT.MAIN_tend2	3.63765145377653e-05	0.00160682390335148	0.00206611570247934
EN.GHG.CH4.BU.MT.CE.AR5	3.60489658542957e-05	0.000495759672587655	0.00068870523415978
AG.YLD.CREL.KG_ratioavg2	3.47198762760807e-05	0.000225025666990141	0.00068870523415978
SP.POP.5559.FE.5Y	3.46102389078215e-05	0.00326287217135705	0.00206611570247934
NY.GSR.NFCY.CD	3.40487209919537e-05	0.00369885940115044	0.00275482093663912
SP.POP.5054.FE.5Y_lag1	3.30071345840266e-05	0.00413484663094384	0.00206611570247934
NY.GDP.FCST.CD	3.29777413804804e-05	0.000896586641913843	0.00068870523415978
SP.POP.7074.MA.5Y	3.24101515827412e-05	0.00047817954235405	0.00068870523415978
EN.GHG.CH4.FE.MT.CE.AR5_ratioavg2	3.19396585181214e-05	0.000618820584222888	0.00137741046831956
SP.ADO.TFRT	3.10594597798812e-05	0.00169120852847278	0.00137741046831956
MS.MIL.MPRT.KD_lag1	3.10592236996217e-05	0.000580144297708957	0.00137741046831956
DC.DAC.JPNL.CD_ratioavg2	3.10224960417806e-05	0.000938778954474495	0.00275482093663912
TM.VAL.FUEL.ZS.UN_delta1	2.8488460884549e-05	0.00251395862340548	0.00275482093663912
SE.PRM.ENRL.FE.ZS_rank	2.81080834982531e-05	0.000931746902381053	0.00206611570247934
SP.POP.5054.MA.5Y_delta1	2.76409832666853e-05	0.000249637849317188	0.00068870523415978
NE.CON.GOVT.ZS_tend2	2.63824766278019e-05	0.000460599412120445	0.00137741046831956
MS.MIL.MPRT.KD_tend2	2.63213291910079e-05	0.00418758702164466	0.00275482093663912
NY.GSR.NFCY.CD_lag1	2.50848044087469e-05	0.00179317328382769	0.00137741046831956
SH.IMM.IDPT	2.4609327286838e-05	0.00194787842988341	0.00206611570247934
NY.ADJ.NNTY.CD	2.45807171452161e-05	0.000365666708858979	0.00068870523415978
NE.IMP.GNFS.ZS_rank	2.44423723513289e-05	0.000232057719083583	0.00068870523415978
BM.GSR.MRCH.CD_isNA_rank	2.34463804025115e-05	0.0011743526996048	0.00275482093663912
NY.ADJ.DNGY.GN.ZS	2.29615436177472e-05	0.000608272506082725	0.00137741046831956
EG.USE.ELEC.KH.PC_avg2	2.25495513020046e-05	0.00290072148854479	0.00137741046831956
NV.AGR.TOTL.KD.ZG	2.25178685383667e-05	0.00409265431838319	0.00206611570247934
SH.DTH.NMRT_lag1	2.24118041963865e-05	0.00551312884125846	0.00275482093663912
NV.IND.MANF.CD_lag1	2.22491092212511e-05	0.000235573745130304	0.00068870523415978
SP.POP.5559.MA.5Y_lag1	2.22372817750507e-05	0.00329803243182426	0.00275482093663912
SE.PRM.TCHR_delta1	2.15074930363666e-05	0.000284798109784397	0.00068870523415978
SE.SEC.ENRR.FE_delta1	2.139759459241e-05	0.00245418618061123	0.00206611570247934
SP.DYN.AMRT.MA	2.13377780869836e-05	0.00171582071079983	0.00137741046831956
NE.IMP.GNFS.KD.ZG	2.10422253671464e-05	0.000618820584222888	0.00137741046831956
EG.USE.PCAP.KG.OE_delta1	2.06412163441319e-05	0.00189162201313587	0.00137741046831956
SE.SEC.ENRR.MA	2.02840528978845e-05	0.000193381432569652	0.00068870523415978
SP.POP.7579.FE.5Y_rank	1.95560553727485e-05	0.00088252253772696	0.00068870523415978
pop65_x_oop_lag1	1.94384781540812e-05	0.000435987229793398	0.00137741046831956
FS.AST.CGOV.GD.ZS_delta1	1.89416230232122e-05	0.000344570552578654	0.00068870523415978
AG.YLD.CREL.KG_max2	1.86851504503509e-05	0.00180020533592113	0.00137741046831956
IT.CEL.SETS.P2	1.83973109152436e-05	0.00081220201679254	0.00206611570247934
AG.PRD.CROP.XD_avg2	1.82799464330789e-05	0.000963391136801541	0.00068870523415978
IS.AIR.DPRT_delta1	1.82462221918233e-05	0.000555532115381911	0.00068870523415978
SP.POP.80UP.FE.5Y_rank	1.82296630995884e-05	0.0013431219498474	0.00068870523415978
MS.MIL.MPRT.KD_ratioavg2	1.79136107622327e-05	0.0054533563984642	0.0034435261707989
EN.URB.MCTY.TL.ZS_ratioavg2	1.77763590507785e-05	0.000439503255840119	0.00068870523415978
SP.ADO.TFRT_lag1	1.77202829419643e-05	0.00143805465310887	0.00068870523415978
EN.GHG.CO2.IP.MT.CE.AR5_tend2	1.73493107825507e-05	0.0024998945192186	0.00275482093663912
EN.GHG.CO2.PC.CE.AR5_avg2	1.70040700500828e-05	0.00143805465310887	0.00068870523415978
FM.AST.PRVT.GD.ZS_isNA_rank	1.68357324787113e-05	0.00249286246712516	0.00275482093663912
BX.KLT.DINV.CD.WD_min2	1.681276223558e-05	0.000154705146055722	0.00068870523415978
SP.POP.65UP.MA.ZS_lag1	1.68048517850922e-05	0.000407859021419631	0.00068870523415978
AG.SRF.TOTL.K2_tend2	1.66592721883257e-05	0.00290423751459151	0.00137741046831956
FP.CPI.TOTL_delta1	1.66051085057931e-05	0.000186349380476211	0.00068870523415978
SH.IMM.IDPT_rank	1.65605675713585e-05	0.00125522129867938	0.00137741046831956
EN.GHG.CH4.WA.MT.CE.AR5_ratioavg2	1.58435893455945e-05	0.000161737198149164	0.00068870523415978
SH.IMM.MEAS	1.53502022766819e-05	0.00081220201679254	0.00137741046831956
BX.KLT.DINV.WD.GD.ZS	1.51108089379053e-05	0.000864942407493355	0.00137741046831956
IT.MLT.MAIN.P2_tend2	1.49307638805423e-05	0.00145211875729575	0.00068870523415978
NE.EXP.GNFS.KD.ZG_lag1	1.46756018614353e-05	0.000467631464213887	0.00137741046831956
year	1.46055496691214e-05	0.00259131119643334	0.00137741046831956
EG.ELC.NGAS.ZS_ratioavg2	1.43719742387467e-05	0.000189865406522932	0.00068870523415978
TX.VAL.FUEL.ZS.UN_lag1	1.41323699527886e-05	0.00182130149220145	0.00137741046831956
BX.GSR.TRVL.ZS_isNA_rank	1.40726072921602e-05	0.00125522129867938	0.00206611570247934
NY.GDP.TOTL.RT.ZS_delta1	1.40234642791772e-05	0.000523887880961422	0.00068870523415978
SP.POP.0014.TO	1.36510652876725e-05	0.000931746902381053	0.00068870523415978
FM.AST.NFRG.CN_min2	1.35920002970648e-05	0.00277062852481611	0.00137741046831956
IT.MLT.MAIN_isNA_rank	1.32962558721288e-05	0.00305894266064723	0.00275482093663912
SE.PRM.ENRL	1.32609307391413e-05	0.000439503255840119	0.00137741046831956
NY.GDP.PETR.RT.ZS	1.29317401884888e-05	0.000509823776774538	0.00068870523415978
SP.RUR.TOTL.ZG_delta1	1.27644184146473e-05	0.000559048141428632	0.00137741046831956
NY.GNP.PCAP.CD_lag1	1.25578603205169e-05	0.00126928540286626	0.00137741046831956
FM.AST.DOMS.CN_lag1	1.25447896678518e-05	0.000784073808418773	0.00068870523415978
TX.VAL.MRCH.WR.ZS_lag1	1.23052624603367e-05	0.000784073808418773	0.00068870523415978
SP.URB.TOTL.IN.ZS_rank	1.21421001696129e-05	0.000998551397268751	0.00068870523415978
FM.AST.NFRG.CN_ratioavg2	1.20614175937277e-05	0.00224322461780797	0.00206611570247934
NY.GDP.MKTP.CD_delta1	1.2054860585642e-05	0.00112161230890398	0.00068870523415978
ER.FSH.PROD.MT_ratioavg2	1.20374035846028e-05	0.00208500344570553	0.00275482093663912
EN.GHG.CH4.BU.MT.CE.AR5_lag1	1.20095666498758e-05	0.000246121823270467	0.00068870523415978
ER.H2O.INTR.PC_ratiomax2	1.18811303173577e-05	0.00154001940846378	0.00137741046831956
NV.AGR.TOTL.CN	1.14986783974593e-05	0.000154705146055722	0.00068870523415978
DT.ODA.ALLD.CD_isNA_rank	1.12264317763046e-05	0.00139937836659494	0.00137741046831956
EN.URB.MCTY.TL.ZS_lag1	1.1131001892042e-05	0.00105129178796957	0.00068870523415978
NE.CON.PRVT.ZS_max2	1.10290611366475e-05	0.00164901621591213	0.00137741046831956
NY.GNP.ATLS.CD_isNA_rank	1.09715042545962e-05	0.000815718042839261	0.00275482093663912
SP.POP.TOTL.FE.IN_delta1	1.0861683646103e-05	0.000186349380476211	0.00068870523415978
NY.ADJ.NNTY.CD_delta1	1.07257031783972e-05	0.00059069237584912	0.00068870523415978
AG.LND.CREL.HA_delta1	1.05880742230209e-05	0.000745397521904842	0.00206611570247934
NY.ADJ.DMIN.CD_lag1	1.05843642173376e-05	0.000703205209344191	0.00068870523415978
BM.GSR.TRAN.ZS_isNA_rank	1.05652581230115e-05	0.00143453862706215	0.00206611570247934
BM.KLT.DINV.WD.GD.ZS_lag1	1.04984970700995e-05	0.000246121823270467	0.00068870523415978
SP.POP.65UP.MA.ZS	1.04596266315445e-05	0.00381137223464551	0.00206611570247934
DT.NFL.UNDP.CD_ratiomax2	1.02705193515319e-05	0.00113567641309087	0.00206611570247934
NV.IND.TOTL.CN_delta1	1.01987685155036e-05	0.00144508670520231	0.00068870523415978
TM.VAL.MMTL.ZS.UN	1.01978387292575e-05	0.0019971027945375	0.00137741046831956
NV.AGR.TOTL.KD.ZG_isNA_rank	9.87799287998392e-06	0.000689141105157307	0.00137741046831956
SH.DYN.NMRT_delta1	9.73001552426135e-06	0.00129741361124003	0.00137741046831956
TX.VAL.MRCH.R3.ZS_delta1	9.71937847891028e-06	0.00136773413217445	0.00068870523415978
TM.VAL.OTHR.ZS.WT	9.49041586300984e-06	0.00051685582886798	0.00068870523415978
EG.USE.ELEC.KH.PC_lag1	9.26401753679426e-06	0.00144508670520231	0.00068870523415978
BX.GRT.EXTA.CD.WD_ratiomax2	9.23319320678661e-06	0.000977455240988425	0.00068870523415978
SP.DYN.CBRT.IN_lag1	9.14579858503339e-06	0.00144508670520231	0.00068870523415978
BX.TRF.PWKR.DT.GD.ZS_ratioavg2	9.0234429433515e-06	0.000267217979550793	0.00068870523415978
FM.LBL.BMNY.GD.ZS_ratioavg2	8.9518186949017e-06	0.0014099264447351	0.00206611570247934
DT.ODA.ODAT.PC.ZS_lag1	8.87246521288909e-06	0.000323474396298328	0.00068870523415978
TM.VAL.MRCH.R4.ZS_delta1	8.7131703880963e-06	0.000446535307933561	0.00137741046831956
SP.DYN.CDRT.IN_delta1	8.67942027050637e-06	0.0003691827349057	0.00068870523415978
NE.CON.TOTL.KD_isNA_rank	8.67852112294136e-06	0.0010899680744835	0.00206611570247934
NE.IMP.GNFS.KD.ZG_delta1	8.66115928625115e-06	0.00131147771542692	0.00068870523415978
EN.GHG.N2O.BU.MT.CE.AR5_ratiomax2	8.58163723643661e-06	0.00143805465310887	0.00068870523415978
TM.VAL.OTHR.ZS.WT_isNA_rank	8.56703506952013e-06	0.00148376299171624	0.00275482093663912
AG.LND.CREL.HA_ratioavg2	8.56162849848753e-06	0.00123412514239906	0.00206611570247934
BM.GSR.INSF.ZS_min2	8.55270859567726e-06	0.000938778954474495	0.00068870523415978
AG.CON.FERT.ZS	8.54008975344591e-06	0.00194084637778997	0.00137741046831956
SP.POP.1519.FE.5Y_lag1	7.99232805481919e-06	0.000323474396298328	0.00068870523415978
BM.KLT.DINV.WD.GD.ZS_isNA_rank	7.98889432029788e-06	0.000734849443764679	0.00137741046831956
EG.USE.PCAP.KG.OE_isNA_rank	7.98834464088759e-06	0.000337538500485212	0.00068870523415978
NY.GNP.MKTP.CN_isNA_rank	7.83775802846711e-06	0.00106183986610973	0.00068870523415978
BX.PEF.TOTL.CD.WD_lag1	7.83161729902943e-06	0.00018283335442949	0.00068870523415978
MS.MIL.XPND.CD_ratioavg2	7.79993899492994e-06	0.00149079504380968	0.00137741046831956
BM.KLT.DINV.CD.WD_ratioavg2	7.75467451414008e-06	0.000225025666990141	0.00068870523415978
EN.URB.LCTY_ratioavg2	7.72015608964205e-06	0.00168066045033262	0.00206611570247934
BM.GSR.INSF.ZS_ratiomax2	7.55096455794271e-06	0.000864942407493355	0.00068870523415978
year_cycle	7.54040525170695e-06	0.000411375047466352	0.00068870523415978
SP.POP.3539.FE.5Y_delta1	7.46650144959895e-06	0.00137125015822117	0.00137741046831956
NY.GDP.MKTP.KD.ZG_delta1	7.44386780527524e-06	0.0017615290494072	0.00206611570247934
NY.GDP.MKTP.CN_delta1	7.40553383268314e-06	0.000457083386073724	0.00068870523415978
NE.EXP.GNFS.KD_delta1	7.37873665862347e-06	0.00130444566333347	0.00137741046831956
BX.GRT.EXTA.CD.WD_ratioavg2	7.35697229396813e-06	0.000991519345175309	0.00275482093663912
EN.GHG.CH4.MT.CE.AR5_tend2	7.30498048926174e-06	0.00183184957034162	0.00206611570247934
FP.CPI.TOTL_max2	7.30337560596748e-06	0.000798137912605657	0.00206611570247934
SE.SEC.ENRR_rank	7.12744626217775e-06	0.000594208401895841	0.00068870523415978
DC.DAC.GBRL.CD_ratioavg2	7.0559839748062e-06	0.00115325654332447	0.00137741046831956
NY.ADJ.DMIN.CD_isNA_rank	7.03223925160938e-06	0.003540638229048	0.00482093663911846
EN.GHG.ALL.PC.CE.AR5_delta1	7.02684634135439e-06	0.00429658382909301	0.00275482093663912
FI.RES.TOTL.CD_isNA_rank	7.00280821768809e-06	0.00047817954235405	0.00068870523415978
BX.KLT.DINV.WD.GD.ZS_max2	6.9749274033046e-06	0.000675077000970423	0.00068870523415978
NE.EXP.GNFS.CN_lag1	6.95183382090061e-06	0.000200413484663094	0.00068870523415978
DC.DAC.USAL.CD_ratioavg2	6.95023211709212e-06	0.00069968918329747	0.00137741046831956
SE.ENR.PRIM.FM.ZS_delta1	6.79724518561016e-06	0.000432471203746677	0.00137741046831956
EN.GHG.N2O.TR.MT.CE.AR5_ratioavg2	6.62897865028224e-06	0.000833298173072866	0.00068870523415978
NY.GDP.FCST.CN_isNA_rank	6.62083366110376e-06	0.00160330787730476	0.00137741046831956
FI.RES.TOTL.CD_ratioavg2	6.31741437043527e-06	0.000861426381446634	0.00068870523415978
NY.GDP.FCST.CN	6.31718842048537e-06	0.000523887880961422	0.00068870523415978
ER.FSH.CAPT.MT_tend2	6.31009632283757e-06	0.000488727620494213	0.00068870523415978
EN.GHG.CO2.TR.MT.CE.AR5_tend2	6.22228547749242e-06	0.00409265431838319	0.00206611570247934
AG.PRD.FOOD.XD_rank	6.19250633117116e-06	0.00018283335442949	0.00068870523415978
EN.GHG.N2O.IP.MT.CE.AR5_tend2	6.10759181843188e-06	0.00059069237584912	0.00206611570247934
MS.MIL.XPND.GD.ZS_ratioavg2	6.09318084734594e-06	0.000260185927457351	0.00068870523415978
TX.VAL.MMTL.ZS.UN	6.05846031215928e-06	0.000154705146055722	0.00068870523415978
DT.ODA.ODAT.KD_isNA_rank	5.97159709121416e-06	0.00209203549779897	0.00206611570247934
NV.SRV.TOTL.KD.ZG	5.8854338939351e-06	0.00134663797589413	0.0034435261707989
NV.IND.MANF.ZS_delta1	5.82599192092139e-06	0.00163846813777196	0.00206611570247934
SP.POP.4549.FE.5Y	5.78924204797197e-06	0.00111106423076382	0.00068870523415978
IT.CEL.SETS_tend2	5.73290745109372e-06	0.00157517966893099	0.00137741046831956
NV.IND.TOTL.KD.ZG_delta1	5.67494484738834e-06	0.000509823776774538	0.00137741046831956
DC.DAC.DEUL.CD_rank	5.6487844789075e-06	0.00129741361124003	0.00137741046831956
NV.IND.MANF.KD_delta1	5.63782067601435e-06	0.00220103230524732	0.00137741046831956
NY.GDP.PCAP.KD.ZG	5.61958226473171e-06	0.000770009704231889	0.00068870523415978
SE.TER.ENRR_delta1	5.54254258122837e-06	0.00105832384006301	0.00137741046831956
BX.KLT.DINV.WD.GD.ZS_tend2	5.47659927554005e-06	0.00179317328382769	0.00137741046831956
NY.GDP.PCAP.CD_delta1	5.47075524305169e-06	0.000284798109784397	0.00068870523415978
NY.GDP.PCAP.KN_delta1	5.45722951788301e-06	0.000467631464213887	0.00068870523415978
NE.CON.GOVT.ZS_isNA_rank	5.4403105794316e-06	0.00403639790163566	0.00275482093663912
EN.GHG.CH4.BU.MT.CE.AR5_ratiomax2	5.41887726668872e-06	0.00933856518009085	0.00550964187327824
NV.IND.MANF.CD_isNA_rank	5.39452994835414e-06	0.000587176349802399	0.00137741046831956
SP.POP.65UP.MA.ZS_delta1	5.30527787376592e-06	0.000365666708858979	0.00137741046831956
MS.MIL.MPRT.KD_delta1	5.29373997411288e-06	0.00136421810612773	0.00068870523415978
SP.POP.6569.MA.5Y	5.24124096572387e-06	0.000893070615867122	0.00137741046831956
SE.SEC.ENRL_isNA_rank	5.22206935472124e-06	0.000207445536756536	0.00068870523415978
DT.ODA.ALLD.CD	5.22161437168372e-06	0.000189865406522932	0.00068870523415978
NE.CON.PRVT.KD.ZG_ratioavg2	5.09619758716813e-06	0.00120599693402529	0.00137741046831956
NV.SRV.TOTL.KD.ZG_lag1	5.08866157274499e-06	0.00181778546615473	0.00275482093663912
EG.USE.PCAP.KG.OE_lag1	5.04605302240304e-06	0.000161737198149164	0.00068870523415978
TM.VAL.FUEL.ZS.UN_lag1	5.03628784435378e-06	0.00116380462146464	0.00068870523415978
SH.DTH.IMRT_delta1	5.001170465298e-06	0.00135015400194085	0.00068870523415978
SP.DYN.LE00.MA.IN_lag1	4.99406207106513e-06	0.00136773413217445	0.00068870523415978
EN.GHG.CH4.WA.MT.CE.AR5_lag1	4.92690516529258e-06	0.000154705146055722	0.00068870523415978
SP.POP.5559.FE.5Y_lag1	4.92347671615021e-06	0.00144508670520231	0.00068870523415978
BX.PEF.TOTL.CD.WD_ratioavg2	4.92199548870085e-06	0.000270734005597513	0.00068870523415978
TX.VAL.MRCH.R4.ZS	4.86271952338365e-06	0.0003691827349057	0.00068870523415978
BM.KLT.DINV.WD.GD.ZS_tend2	4.79429266767946e-06	0.00104425973587612	0.00206611570247934
SP.POP.TOTL.FE.ZS	4.79403580376834e-06	0.000808685990745819	0.00137741046831956
NY.GDP.DEFL.KD.ZG_isNA_rank	4.78369958456888e-06	0.00154001940846378	0.00206611570247934
TX.VAL.MRCH.HI.ZS	4.76319627829622e-06	0.000189865406522932	0.00068870523415978
SH.STA.MMRT_rank	4.71607657444062e-06	0.00253153875363909	0.00137741046831956
FI.RES.XGLD.CD_tend2	4.71138767253191e-06	0.000193381432569652	0.00068870523415978
SP.POP.4044.MA.5Y	4.68947025211129e-06	0.00149079504380968	0.00137741046831956
SP.URB.TOTL.IN.ZS_delta1	4.6825273012506e-06	0.000471147490260608	0.00068870523415978
DT.ODA.ODAT.GN.ZS_rank	4.61885478154759e-06	0.00113919243913759	0.00068870523415978
EN.GHG.N2O.WA.MT.CE.AR5_delta1	4.56848663424191e-06	0.00276359647272267	0.00206611570247934
NY.GDP.PCAP.KN_isNA_rank	4.52656025908909e-06	0.000980971267035146	0.00206611570247934
TX.VAL.TRAN.ZS.WT_delta1	4.46870759883596e-06	0.0016771444242859	0.00137741046831956
TX.VAL.MANF.ZS.UN_delta1	4.43035570550587e-06	0.000587176349802399	0.00137741046831956
SP.ADO.TFRT_delta1	4.34522851132008e-06	0.000193381432569652	0.00068870523415978
SE.SEC.ENRL.GC.FE.ZS_delta1	4.3443981562654e-06	0.00103019563168924	0.00206611570247934
DC.DAC.CANL.CD_max2	4.2498199337414e-06	0.000379730813045863	0.00068870523415978
NE.GDI.TOTL.CD_delta1	4.22229852512617e-06	0.000214477588849978	0.00068870523415978
DT.NFL.UNDP.CD_tend2	4.20920269809104e-06	0.000907134720054006	0.00206611570247934
BX.GSR.FCTY.CD_delta1	4.18753879004567e-06	0.00235925347734976	0.00137741046831956
NY.GDS.TOTL.ZS_isNA_rank	4.15243335814855e-06	0.000492243646540934	0.00137741046831956
SP.DYN.AMRT.FE_lag1	4.13563901149456e-06	0.000523887880961422	0.00068870523415978
DC.DAC.GBRL.CD_rank	4.13380410410413e-06	0.0003691827349057	0.00068870523415978
DC.DAC.TOTL.CD	4.12719286582828e-06	0.000383246839092584	0.00137741046831956
SP.POP.80UP.FE.5Y_delta1	4.11984872167204e-06	0.00247879836293827	0.00137741046831956
BM.GSR.INSF.ZS_isNA_rank	4.0976514789755e-06	0.00106535589215645	0.00137741046831956
TG.VAL.TOTL.GD.ZS_lag1	4.08562258964087e-06	0.00101613152750236	0.00068870523415978
NY.ADJ.DNGY.GN.ZS_lag1	4.06553506651189e-06	0.000502791724681096	0.00068870523415978
AG.CON.FERT.ZS_lag1	3.96913019500206e-06	0.00145211875729575	0.00068870523415978
EN.GHG.N2O.MT.CE.AR5_ratiomax2	3.88143650889019e-06	0.00133608989775396	0.00068870523415978
EN.GHG.N2O.FE.MT.CE.AR5_ratioavg2	3.87168208053092e-06	0.000734849443764679	0.00137741046831956
IS.AIR.GOOD.MT.K1_delta1	3.85677140714653e-06	0.000260185927457351	0.00068870523415978
DC.DAC.GBRL.CD	3.85495598959096e-06	0.000495759672587655	0.00137741046831956
NY.GDP.COAL.RT.ZS_lag1	3.83758239843821e-06	0.000886038563773681	0.00068870523415978
TX.VAL.FOOD.ZS.UN	3.77573245357475e-06	0.0009563590847081	0.00068870523415978
BX.GSR.FCTY.CD_tend2	3.77187544828959e-06	0.00154001940846378	0.00137741046831956
IT.MLT.MAIN_delta1	3.76217512624446e-06	0.00182130149220145	0.00137741046831956
SP.DYN.CBRT.IN_delta1	3.74690652672264e-06	0.00118138475169824	0.00137741046831956
SP.POP.6064.MA.5Y_delta1	3.71881343693086e-06	0.00105129178796957	0.00137741046831956
FS.AST.CGOV.GD.ZS_max2	3.69843678705678e-06	0.000731333417717958	0.00137741046831956
SP.POP.1564.FE.ZS	3.68749349253505e-06	0.000263701953504072	0.00068870523415978
EN.GHG.CO2.TR.MT.CE.AR5_delta1	3.64380565129572e-06	0.00136773413217445	0.00068870523415978
NY.GNP.PCAP.CD_delta1	3.52196687562984e-06	0.00255966696201285	0.00137741046831956
TM.VAL.OTHR.ZS.WT_lag1	3.43444496433369e-06	0.0023662855294432	0.00137741046831956
DC.DAC.TOTL.CD_tend2	3.39305428091836e-06	0.0010407437098294	0.00206611570247934
AG.LND.AGRI.ZS_avg2	3.34850448246273e-06	0.00029534618792456	0.00068870523415978
NE.CON.PRVT.KD.ZG_tend2	3.33842724683159e-06	0.000488727620494213	0.00137741046831956
BM.TRF.PWKR.CD.DT_isNA_rank	3.31993128343744e-06	0.000158221172102443	0.00068870523415978
EN.GHG.CO2.PC.CE.AR5_tend2	3.24450743937846e-06	0.00271085608202186	0.00206611570247934
NV.SRV.TOTL.KD.ZG_isNA_rank	3.24027753959751e-06	0.00105129178796957	0.00068870523415978
BM.GSR.NFSV.CD_delta1	3.20038768357846e-06	0.00100909947540891	0.00068870523415978
NE.IMP.GNFS.KD.ZG_lag1	3.19010442828052e-06	0.000952843058661379	0.00137741046831956
BM.GSR.INSF.ZS_ratioavg2	3.1503996706366e-06	0.000798137912605657	0.00068870523415978
FM.LBL.BMNY.GD.ZS_tend2	3.14773619235098e-06	0.000896586641913843	0.00275482093663912
BX.TRF.CURR.CD_isNA_rank	3.14704874038542e-06	0.000196897458616373	0.00068870523415978
NV.IND.TOTL.CN_rank	3.12650535332243e-06	0.000217993614896699	0.00068870523415978
NE.RSB.GNFS.ZS_delta1	3.11774307592799e-06	0.000253153875363909	0.00068870523415978
NE.EXP.GNFS.KD.ZG	3.09410598038915e-06	0.000502791724681096	0.00068870523415978
SE.PRM.ENRR.MA_delta1	3.08258945624002e-06	0.00118490077774496	0.00275482093663912
BM.GSR.TRAN.ZS_lag1	3.07910872881577e-06	0.000372698760952421	0.00137741046831956
TM.VAL.INSF.ZS.WT_delta1	3.06783291221351e-06	0.00150134312194985	0.00137741046831956
NY.ADJ.DKAP.CD_delta1	3.01816367368928e-06	0.0010231635795958	0.00068870523415978
NY.GDS.TOTL.CD_delta1	3.01574671394252e-06	0.00077352573027861	0.00068870523415978
BM.GSR.CMCP.ZS_delta1	3.00357448623202e-06	0.000242605797223746	0.00068870523415978
TX.VAL.TRVL.ZS.WT_lag1	2.94743983909319e-06	0.000594208401895841	0.00137741046831956
MS.MIL.XPND.CD_isNA_rank	2.90987727031093e-06	0.00116380462146464	0.00137741046831956
BM.GSR.INSF.ZS_lag1	2.88267111252736e-06	0.00235925347734976	0.00206611570247934
BX.GSR.TRAN.ZS_max2	2.79534861417433e-06	0.00128686553309987	0.00068870523415978
BX.GSR.NFSV.CD_isNA_rank	2.77955347942111e-06	0.000165253224195885	0.00068870523415978
EN.GHG.CO2.BU.MT.CE.AR5_tend2	2.75785169970864e-06	0.00163143608567852	0.00137741046831956
SP.POP.80UP.MA.5Y_rank	2.75056383657977e-06	0.000217993614896699	0.00068870523415978
EG.ELC.FOSL.ZS	2.72334787882274e-06	0.000288314135831118	0.00068870523415978
BM.KLT.DINV.CD.WD_tend2	2.70402915810614e-06	0.000407859021419631	0.00068870523415978
NV.SRV.TOTL.KD.ZG_delta1	2.69985017827157e-06	0.00137828221031461	0.00206611570247934
FM.LBL.BMNY.GD.ZS_isNA_rank	2.68286930866765e-06	0.000864942407493355	0.00206611570247934
TX.VAL.MMTL.ZS.UN_delta1	2.63846689520615e-06	0.000161737198149164	0.00068870523415978
SP.POP.4549.MA.5Y_delta1	2.54745898745156e-06	0.000414891073513073	0.00137741046831956
FM.AST.DOMS.CN_ratioavg2	2.54154780036978e-06	0.000210961562803257	0.00068870523415978
NY.ADJ.DRES.GN.ZS_lag1	2.49346626765824e-06	0.0013923463145015	0.00137741046831956
TM.VAL.MRCH.R4.ZS_rank	2.489339928271e-06	0.000210961562803257	0.00068870523415978
NE.IMP.GNFS.CN_isNA_rank	2.47929858917185e-06	0.0010231635795958	0.00068870523415978
FD.AST.PRVT.GD.ZS_isNA_rank	2.47925115840142e-06	0.00126928540286626	0.00206611570247934
SP.POP.1564.MA.ZS_lag1	2.46160292023964e-06	0.000833298173072866	0.00068870523415978
BM.KLT.DINV.CD.WD_max2	2.45327338324633e-06	0.000193381432569652	0.00068870523415978
EN.GHG.CO2.BU.MT.CE.AR5_lag1	2.43689663658503e-06	0.000189865406522932	0.00068870523415978
NE.CON.PRVT.KD.ZG_min2	2.42100724590729e-06	0.000288314135831118	0.00068870523415978
FI.RES.TOTL.MO	2.40175855646171e-06	0.000165253224195885	0.00068870523415978
IS.AIR.DPRT_ratioavg2	2.40134717780049e-06	0.000534435959101585	0.00137741046831956
NV.SRV.TOTL.KD_delta1	2.37417768733336e-06	0.00233815732106943	0.00137741046831956
TM.VAL.MRCH.R1.ZS	2.35693303740445e-06	0.000703205209344191	0.00068870523415978
NY.ADJ.NNTY.PC.CD_isNA_rank	2.35532752096584e-06	0.00199358676849078	0.00275482093663912
SE.PRM.ENRR.MA	2.3150963450846e-06	0.000421923125606515	0.00137741046831956
SP.POP.1564.MA.ZS_delta1	2.25725205678914e-06	0.000326990422345049	0.00137741046831956
DC.DAC.CANL.CD_ratioavg2	2.2551676905237e-06	0.000267217979550793	0.00068870523415978
EN.GHG.CO2.FE.MT.CE.AR5	2.20851673371329e-06	0.000154705146055722	0.00068870523415978
EG.ELC.NUCL.ZS_avg2	2.19830450069492e-06	0.000787589834465494	0.00068870523415978
MS.MIL.XPND.CD_max2	2.1691058101051e-06	0.00377972800022503	0.00206611570247934
BM.GSR.CMCP.ZS_max2	2.16121281237904e-06	0.00135367002798757	0.00068870523415978
NY.ADJ.DNGY.GN.ZS_isNA_rank	2.15757535678021e-06	0.00108293602239005	0.00137741046831956
BX.TRF.CURR.CD_tend2	2.14993006990017e-06	0.000168769250242606	0.00068870523415978
NY.ADJ.AEDU.GN.ZS_rank	2.12843993933364e-06	0.000165253224195885	0.00068870523415978
TX.VAL.AGRI.ZS.UN	2.10224251814415e-06	0.000207445536756536	0.00068870523415978
EN.GHG.N2O.IC.MT.CE.AR5_ratioavg2	2.0967131033431e-06	0.00121654501216545	0.00206611570247934
SE.SEC.ENRL.GC_lag1	2.08166455589389e-06	0.000523887880961422	0.00068870523415978
FM.AST.NFRG.CN_tend2	2.03086633840458e-06	0.000277766057690955	0.00068870523415978
NY.GNP.ATLS.CD_delta1	2.01948978044944e-06	0.000172285276289327	0.00068870523415978
AG.PRD.LVSK.XD_min2	1.94810457152083e-06	0.000351602604672095	0.00068870523415978
AG.LND.CREL.HA_tend2	1.9168411146125e-06	0.000945811006567937	0.00068870523415978
NY.GDP.PCAP.KD.ZG_delta1	1.90873818824146e-06	0.000622336610269609	0.00068870523415978
BM.TRF.PWKR.CD.DT_max2	1.88191687211233e-06	0.000274250031644234	0.00068870523415978
SP.URB.GROW_lag1	1.84710219111322e-06	0.000242605797223746	0.00068870523415978
TM.VAL.TRVL.ZS.WT	1.8368715693806e-06	0.000235573745130304	0.00068870523415978
SP.DYN.IMRT.MA.IN	1.83613822305198e-06	0.000344570552578654	0.00068870523415978
TX.VAL.MRCH.AL.ZS_delta1	1.7984435610881e-06	0.000537951985148306	0.00068870523415978
SP.POP.DPND.OL_delta1	1.79454096940954e-06	0.00152595530427689	0.00137741046831956
NE.EXP.GNFS.CN	1.79147465130895e-06	0.000457083386073724	0.00137741046831956
EN.GHG.CO2.FE.MT.CE.AR5_tend2	1.78953904643841e-06	0.00322771191088984	0.00206611570247934
BX.GSR.CMCP.ZS_min2	1.76940216557793e-06	0.000977455240988425	0.00068870523415978
BX.KLT.DINV.WD.GD.ZS_lag1	1.75651400989051e-06	0.000548500063288469	0.00137741046831956
BM.GSR.NFSV.CD_ratioavg2	1.74525381973821e-06	0.00112864436099743	0.00068870523415978
AG.PRD.FOOD.XD_tend2	1.7297564279989e-06	0.000689141105157307	0.00068870523415978
BM.KLT.DINV.CD.WD_isNA_rank	1.72583456670959e-06	0.000274250031644234	0.00068870523415978
EN.GHG.N2O.WA.MT.CE.AR5_tend2	1.71907613613572e-06	0.000488727620494213	0.00137741046831956
NY.GNP.PCAP.CD_isNA_rank	1.71809450087274e-06	0.00123412514239906	0.00206611570247934
IS.AIR.DPRT_isNA_rank	1.67007888399393e-06	0.00022150964094342	0.00068870523415978
BM.TRF.PWKR.CD.DT_ratioavg2	1.66045642494019e-06	0.000928230876334332	0.00137741046831956
BX.GSR.TRAN.ZS	1.64639521105313e-06	0.000562564167475353	0.00068870523415978
IT.CEL.SETS.P2_max2	1.60729122481597e-06	0.000161737198149164	0.00068870523415978
DC.DAC.DEUL.CD	1.58588804836789e-06	0.00246121823270467	0.00206611570247934
TM.VAL.MRCH.R6.ZS	1.58034515172132e-06	0.00136070208008101	0.00068870523415978
AG.LND.CREL.HA_ratiomax2	1.55793888880431e-06	0.00124818924658594	0.00068870523415978
EN.GHG.CH4.AG.MT.CE.AR5_ratioavg2	1.55684602659536e-06	0.00118841680379168	0.00137741046831956
NY.GDP.FCST.CD_isNA_rank	1.55592229651265e-06	0.00155408351265066	0.00137741046831956
EN.GHG.CH4.BU.MT.CE.AR5_tend2	1.54746051493365e-06	0.00181426944010801	0.00137741046831956
TM.VAL.MRCH.WR.ZS_lag1	1.53649489519149e-06	0.00108293602239005	0.00068870523415978
EG.USE.ELEC.KH.PC_delta1	1.49040473910956e-06	0.00127280142891299	0.00068870523415978
BX.PEF.TOTL.CD.WD_tend2	1.48928952415215e-06	0.000326990422345049	0.00068870523415978
NY.GNP.MKTP.CD_isNA_rank	1.4744555575825e-06	0.000770009704231889	0.00068870523415978
EG.ELC.NGAS.ZS_tend2	1.45533768126582e-06	0.000720785339577796	0.00068870523415978
BM.GSR.TRVL.ZS_isNA_rank	1.45203057561506e-06	0.000179317328382769	0.00068870523415978
NV.IND.TOTL.KD.ZG_isNA_rank	1.43692419180562e-06	0.00117786872565152	0.00068870523415978
TX.VAL.MRCH.R5.ZS_delta1	1.43232350342207e-06	0.000748913547951563	0.00206611570247934
pop65_x_oop_delta1	1.42927812037715e-06	0.00117083667355808	0.00068870523415978
TM.VAL.MRCH.R2.ZS	1.41863766155217e-06	0.00055201608933519	0.00068870523415978
FI.RES.TOTL.MO_max2	1.41570559758239e-06	0.000239089771177025	0.00068870523415978
TX.VAL.AGRI.ZS.UN_delta1	1.41160901597973e-06	0.00150134312194985	0.00206611570247934
TX.VAL.MMTL.ZS.UN_isNA_rank	1.41071471334542e-06	0.00084736227725975	0.00137741046831956
BM.GSR.GNFS.CD_isNA_rank	1.38422621092174e-06	0.000200413484663094	0.00068870523415978
IT.CEL.SETS_ratioavg2	1.38334779883428e-06	0.00192326624755636	0.00275482093663912
BM.GSR.CMCP.ZS_ratiomax2	1.37608320376037e-06	0.000734849443764679	0.00068870523415978
EN.GHG.CO2.BU.MT.CE.AR5_ratioavg2	1.3746008751904e-06	0.000165253224195885	0.00068870523415978
SE.SEC.ENRL.GC	1.37281491261124e-06	0.000418407099559794	0.00137741046831956
BM.GSR.TOTL.CD_tend2	1.3721247852667e-06	0.000703205209344191	0.00068870523415978
NV.AGR.TOTL.KD.ZG_lag1	1.37165535002112e-06	0.000794621886558936	0.00206611570247934
SP.POP.7579.FE.5Y_delta1	1.36486421616503e-06	0.000566080193522074	0.00068870523415978
IS.AIR.GOOD.MT.K1_ratioavg2	1.35338668544962e-06	0.000407859021419631	0.00068870523415978
NV.IND.TOTL.CD_isNA_rank	1.34888128529117e-06	0.000991519345175309	0.00137741046831956
EN.POP.DNST_ratioavg2	1.31829408160765e-06	0.000502791724681096	0.00068870523415978
NY.ADJ.DMIN.GN.ZS_rank	1.31511129247416e-06	0.000337538500485212	0.00068870523415978
NY.GDS.TOTL.ZS_lag1	1.30183916914679e-06	0.000460599412120445	0.00137741046831956
EN.GHG.ALL.PC.CE.AR5_ratioavg2	1.27965072165115e-06	0.00288314135831118	0.00206611570247934
AG.PRD.CREL.MT_tend2	1.27305200862228e-06	0.00117083667355808	0.00068870523415978
TX.VAL.MRCH.HI.ZS_delta1	1.26533623625897e-06	0.000193381432569652	0.00068870523415978
SE.PRM.ENRR.MA_lag1	1.2641112671044e-06	0.00101613152750236	0.00206611570247934
DT.ODA.ODAT.PC.ZS_ratiomax2	1.25741411389268e-06	0.000544984037241748	0.00068870523415978
IS.AIR.PSGR_tend2	1.22078709847571e-06	0.000341054526531933	0.00068870523415978
SP.POP.80UP.MA.5Y	1.21890946760547e-06	0.000334022474438491	0.00068870523415978
BX.GSR.NFSV.CD_min2	1.21467015324328e-06	0.000871974459586797	0.00068870523415978
BX.KLT.DINV.WD.GD.ZS_isNA_rank	1.21375905851961e-06	0.000741881495858121	0.00137741046831956
BM.GSR.FCTY.CD_tend2	1.21089815446948e-06	0.0019971027945375	0.00137741046831956
NV.IND.TOTL.ZS_delta1	1.20579457053771e-06	0.000777041756325331	0.00137741046831956
BM.KLT.DINV.CD.WD_lag1	1.20059265653515e-06	0.00107941999634333	0.00068870523415978
BX.KLT.DINV.WD.GD.ZS_delta1	1.18994988535688e-06	0.000376214786999142	0.00068870523415978
NY.GDP.MKTP.CN_isNA_rank	1.1852572671661e-06	0.00104425973587612	0.00206611570247934
NE.CON.PRVT.ZS_min2	1.15504365994276e-06	0.00213422781035962	0.00137741046831956
BX.GRT.TECH.CD.WD_ratioavg2	1.14275167160153e-06	0.000298862213971281	0.00068870523415978
NE.CON.GOVT.CD	1.13247524325139e-06	0.000235573745130304	0.00068870523415978
TX.VAL.FUEL.ZS.UN	1.12590067229197e-06	0.00116732064751136	0.00068870523415978
EN.GHG.ALL.MT.CE.AR5_ratioavg2	1.11704402886095e-06	0.0013431219498474	0.00068870523415978
MS.MIL.XPND.GD.ZS	1.1070486064914e-06	0.000555532115381911	0.00068870523415978
SH.DYN.MORT.FE_delta1	1.09685850599736e-06	0.00135718605403429	0.00068870523415978
DC.DAC.GBRL.CD_ratiomax2	1.09416362340774e-06	0.000154705146055722	0.00068870523415978
NE.IMP.GNFS.KD_lag1	1.09252746828806e-06	0.00084736227725975	0.00068870523415978
AG.PRD.LVSK.XD_rank	1.07807228720948e-06	0.000450051333980282	0.00068870523415978
NY.GDP.DEFL.KD.ZG_lag1	1.04711318003873e-06	0.000200413484663094	0.00068870523415978
DC.DAC.GBRL.CD_min2	1.041993519746e-06	0.000200413484663094	0.00068870523415978
AG.PRD.CROP.XD_ratiomax2	1.0304786610418e-06	0.00135015400194085	0.00068870523415978
NY.ADJ.AEDU.GN.ZS_isNA_rank	1.02405835708034e-06	0.000460599412120445	0.00068870523415978
SM.POP.RHCR.EA_delta1	1.02312824049807e-06	0.000530919933054864	0.00137741046831956
FI.RES.TOTL.MO_tend2	1.01019780866109e-06	0.00150134312194985	0.00137741046831956
DC.DAC.CECL.CD_ratioavg2	9.75419987674513e-07	0.00018283335442949	0.00068870523415978
TX.VAL.OTHR.ZS.WT_isNA_rank	9.57732467034836e-07	0.000210961562803257	0.00068870523415978
TX.VAL.FUEL.ZS.UN_isNA_rank	9.54312386409131e-07	0.000249637849317188	0.00068870523415978
TX.VAL.MRCH.R6.ZS_delta1	9.4950580223485e-07	0.00033050644839177	0.00137741046831956
BX.GSR.TRAN.ZS_ratioavg2	9.44887344517396e-07	0.000425439151653235	0.00068870523415978
year_cycle_rank	9.39778034758434e-07	0.000193381432569652	0.00068870523415978
EN.GHG.CH4.MT.CE.AR5_ratiomax2	9.15390525521451e-07	0.00107590397029661	0.00068870523415978
SH.DTH.MORT_delta1	9.04364234033483e-07	0.000453567360027003	0.00137741046831956
BG.GSR.NFSV.GD.ZS_ratioavg2	9.00196189703004e-07	0.000481695568400771	0.00137741046831956
BX.PEF.TOTL.CD.WD_delta1	9.00027632224082e-07	0.000383246839092584	0.00137741046831956
EN.GHG.ALL.PC.CE.AR5_tend2	8.89407575099471e-07	0.0010407437098294	0.00206611570247934
SP.POP.6064.MA.5Y_lag1	8.88271576490481e-07	0.00113216038704415	0.00068870523415978
SP.POP.2529.FE.5Y_rank	8.87991781742576e-07	0.000203929510709815	0.00068870523415978
SM.POP.RHCR.EA	8.72797308284052e-07	0.00128334950705315	0.00068870523415978
SH.MMR.RISK.ZS_delta1	8.72534085401381e-07	0.000421923125606515	0.00068870523415978
TM.VAL.OTHR.ZS.WT_delta1	8.62634199009058e-07	0.000840330225166308	0.00137741046831956
SP.POP.7579.MA.5Y_lag1	8.56126947811148e-07	0.00111458025681054	0.00068870523415978
SP.POP.TOTL.MA.IN_delta1	8.47948594678081e-07	0.00104425973587612	0.00068870523415978
TX.VAL.MRCH.R6.ZS_rank	8.45712989496378e-07	0.00022150964094342	0.00068870523415978
NY.GDP.FCST.KD	8.38691253455791e-07	0.000566080193522074	0.00137741046831956
NE.CON.TOTL.KD.ZG_lag1	8.30801504035538e-07	0.00121302898611873	0.00068870523415978
TX.VAL.FOOD.ZS.UN_rank	8.17615529632171e-07	0.000984487293081867	0.00068870523415978
NY.GDP.PCAP.KD.ZG_isNA_rank	8.15269894973158e-07	0.000643432766549935	0.00137741046831956
FP.CPI.TOTL.ZG_min2	8.11688252425429e-07	0.00118138475169824	0.00137741046831956
NY.GDP.DEFL.KD.ZG	8.1164938286777e-07	0.00180372136196785	0.00206611570247934
NV.IND.TOTL.KD.ZG_lag1	8.09812520988251e-07	0.000980971267035146	0.00206611570247934
BM.GSR.TRAN.ZS_min2	8.08419190491872e-07	0.000161737198149164	0.00068870523415978
PA.NUS.ATLS_lag1	8.00688029967986e-07	0.00249286246712516	0.00137741046831956
SP.DYN.AMRT.FE_isNA_rank	8.00212318334915e-07	0.000355118630718816	0.00068870523415978
IT.CEL.SETS.P2_tend2	7.93604658701056e-07	0.000341054526531933	0.00068870523415978
SP.DYN.AMRT.MA_rank	7.93387682884154e-07	0.000580144297708957	0.00068870523415978
NV.AGR.TOTL.ZS_isNA_rank	7.81779889600167e-07	0.000418407099559794	0.00068870523415978
EG.ELC.HYRO.ZS	7.76476837669249e-07	0.000249637849317188	0.00068870523415978
ER.FSH.PROD.MT_ratiomax2	7.6972696830815e-07	0.00137476618426789	0.00068870523415978
dummy_covid_2020_rank	7.60566250419699e-07	0.00122357706425889	0.00206611570247934
SP.POP.4549.FE.5Y_delta1	7.54536458883834e-07	0.000717269313531075	0.00068870523415978
NY.ADJ.DNGY.CD_lag1	7.53741064408632e-07	0.000158221172102443	0.00068870523415978
SE.SEC.ENRL.GC.FE.ZS_isNA_rank	7.43159735760602e-07	0.00022150964094342	0.00068870523415978
SP.POP.4044.MA.5Y_lag1	7.38571751556127e-07	0.000196897458616373	0.00068870523415978
NY.GDP.COAL.RT.ZS_isNA_rank	7.38351252153263e-07	0.000225025666990141	0.00068870523415978
NY.ADJ.DRES.GN.ZS	7.36677741516765e-07	0.000734849443764679	0.00137741046831956
FI.RES.XGLD.CD_ratioavg2	7.28564216859822e-07	0.00160330787730476	0.00137741046831956
BX.GSR.FCTY.CD_min2	7.26113177430076e-07	0.000780557782372052	0.00068870523415978
FI.RES.TOTL.CD_rank	7.21312965991346e-07	0.000453567360027003	0.00137741046831956
NV.IND.TOTL.KD.ZG_rank	7.14528452622943e-07	0.00125170527263266	0.00068870523415978
SH.DYN.MORT_delta1	7.13719459308163e-07	0.000154705146055722	0.00068870523415978
SE.SEC.ENRR.MA_lag1	7.03280505555466e-07	0.000214477588849978	0.00068870523415978
NE.IMP.GNFS.ZS_lag1	6.99242365929371e-07	0.000344570552578654	0.00137741046831956
NE.RSB.GNFS.ZS_rank	6.97153044621178e-07	0.000397310943279468	0.00068870523415978
ER.FSH.AQUA.MT_tend2	6.96024230824191e-07	0.00136421810612773	0.00068870523415978
NY.GDP.MKTP.CD_isNA_rank	6.95646408813665e-07	0.00143102260101543	0.00137741046831956
TM.VAL.MRCH.R5.ZS_delta1	6.92229659077815e-07	0.000179317328382769	0.00068870523415978
FI.RES.TOTL.MO_ratioavg2	6.74427456726236e-07	0.000407859021419631	0.00137741046831956
MS.MIL.MPRT.KD_rank	6.73978805132243e-07	0.000337538500485212	0.00068870523415978
DT.ODA.ODAT.KD_ratioavg2	6.71802385183518e-07	0.00018283335442949	0.00068870523415978
TM.VAL.MRCH.OR.ZS_delta1	6.62304132534989e-07	0.000432471203746677	0.00137741046831956
DT.NFL.UNDP.CD_delta1	6.61223974505114e-07	0.000840330225166308	0.00068870523415978
PA.NUS.FCRF_lag1	6.6109288609607e-07	0.00123764116844578	0.00068870523415978
SP.DYN.AMRT.MA_delta1	6.54558946487288e-07	0.000165253224195885	0.00068870523415978
MS.MIL.XPND.GD.ZS_tend2	6.47410347588012e-07	0.000439503255840119	0.00137741046831956
TM.VAL.AGRI.ZS.UN_delta1	6.41670549929735e-07	0.00029534618792456	0.00068870523415978
FD.AST.PRVT.GD.ZS_min2	6.34756118092939e-07	0.00025666990141063	0.00068870523415978
TX.VAL.MRCH.R1.ZS_delta1	6.34202309480351e-07	0.000745397521904842	0.00137741046831956
SE.TER.ENRR_lag1	6.31134147002738e-07	0.000734849443764679	0.00068870523415978
PA.NUS.FCRF_isNA_rank	6.30229851698855e-07	0.000196897458616373	0.00068870523415978
BX.GSR.TOTL.CD_ratioavg2	6.25482101775358e-07	0.000460599412120445	0.00137741046831956
SE.PRM.ENRL.FE.ZS	6.1722600264497e-07	0.000196897458616373	0.00068870523415978
TM.VAL.FOOD.ZS.UN_isNA_rank	6.09345117245656e-07	0.000502791724681096	0.00068870523415978
NE.DAB.TOTL.CD_lag1	6.0870696279407e-07	0.00129389758519331	0.00068870523415978
DC.DAC.FRAL.CD_tend2	5.99151988669935e-07	0.000172285276289327	0.00068870523415978
DC.DAC.JPNL.CD_avg2	5.98532553268779e-07	0.000305894266064723	0.00068870523415978
BX.GSR.TRVL.ZS_tend2	5.96446590378458e-07	0.000421923125606515	0.00137741046831956
IT.MLT.MAIN.P2_delta1	5.88666237291162e-07	0.000376214786999142	0.00068870523415978
NE.EXP.GNFS.KD_isNA_rank	5.81926828575891e-07	0.000309410292111444	0.00068870523415978
BM.GSR.GNFS.CD_ratioavg2	5.81671038257362e-07	0.00126928540286626	0.00068870523415978
SH.DYN.NMRT_lag1	5.75433740541872e-07	0.0010407437098294	0.00068870523415978
BX.PEF.TOTL.CD.WD_rank	5.74811001778876e-07	0.000165253224195885	0.00068870523415978
NY.GDP.PETR.RT.ZS_isNA_rank	5.74494704882632e-07	0.000826266120979424	0.00137741046831956
TX.VAL.SERV.CD.WT_delta1	5.69863171357891e-07	0.00116028859541792	0.00068870523415978
TX.VAL.MRCH.CD.WT_delta1	5.68569574861085e-07	0.000168769250242606	0.00068870523415978
TM.VAL.MRCH.RS.ZS_delta1	5.58526983237245e-07	0.00120599693402529	0.00206611570247934
BM.GSR.TRAN.ZS_ratiomax2	5.58249528370644e-07	0.000376214786999142	0.00137741046831956
BX.GSR.CMCP.ZS_isNA_rank	5.55760679211831e-07	0.000154705146055722	0.00068870523415978
BX.GSR.TRVL.ZS_rank	5.5523671096787e-07	0.00126225335077282	0.00068870523415978
FS.AST.CGOV.GD.ZS_avg2	5.50954232677627e-07	0.00100206742331547	0.00068870523415978
NY.ADJ.DMIN.GN.ZS_lag1	5.50713968159749e-07	0.00084736227725975	0.00068870523415978
DT.ODA.ODAT.PC.ZS_ratioavg2	5.45009777989313e-07	0.000196897458616373	0.00068870523415978
SH.IMM.MEAS_rank	5.43260558428629e-07	0.00108645204843677	0.00137741046831956
EG.ELC.FOSL.ZS_tend2	5.42335211075016e-07	0.00126225335077282	0.00068870523415978
AG.PRD.FOOD.XD_delta1	5.41297900401015e-07	0.000355118630718816	0.00068870523415978
SE.SEC.ENRR.MA_isNA_rank	5.39879712106785e-07	0.00025666990141063	0.00068870523415978
FP.CPI.TOTL_lag1	5.35421715190741e-07	0.000284798109784397	0.00068870523415978
AG.LND.ARBL.ZS_ratioavg2	5.34466988562757e-07	0.00122357706425889	0.00068870523415978
SP.POP.0014.FE.ZS_delta1	5.30176692316158e-07	0.00105480781401629	0.00068870523415978
MS.MIL.XPND.GD.ZS_isNA_rank	5.25527430749539e-07	0.000622336610269609	0.00068870523415978
DC.DAC.GBRL.CD_lag1	5.21037391223641e-07	0.000179317328382769	0.00068870523415978
BM.GSR.TRAN.ZS_max2	5.19084058311223e-07	0.00018283335442949	0.00068870523415978
SM.POP.NETM_lag1	5.15161095901306e-07	0.000161737198149164	0.00068870523415978
BX.PEF.TOTL.CD.WD_ratiomax2	5.14193596274205e-07	0.000935262928427774	0.00068870523415978
SE.ENR.PRIM.FM.ZS_isNA_rank	5.11115881575269e-07	0.000559048141428632	0.00137741046831956
TM.VAL.TRAN.ZS.WT_lag1	5.07520860412085e-07	0.00101613152750236	0.00068870523415978
MS.MIL.MPRT.KD	5.04475904051402e-07	0.0012587373247261	0.00137741046831956
NY.GDP.DEFL.ZS_isNA_rank	4.85860221318544e-07	0.000337538500485212	0.00068870523415978
DT.ODA.ODAT.CD_lag1	4.85089326776993e-07	0.000260185927457351	0.00068870523415978
AG.LND.AGRI.ZS_delta1	4.82351445427416e-07	0.000288314135831118	0.00068870523415978
NV.AGR.TOTL.KD.ZG_delta1	4.79849210771144e-07	0.000597724427942562	0.00137741046831956
SP.POP.6569.FE.5Y_delta1	4.74737485428835e-07	0.00148024696566952	0.00137741046831956
AG.LND.ARBL.HA.PC	4.72171323838943e-07	0.000421923125606515	0.00137741046831956
NV.IND.MANF.ZS_lag1	4.69496412824453e-07	0.00103019563168924	0.00068870523415978
DC.DAC.TOTL.CD_delta1	4.62995231553925e-07	0.000615304558176167	0.00068870523415978
FP.CPI.TOTL.ZG_avg2	4.62427658933668e-07	0.000326990422345049	0.00068870523415978
NY.GNP.PCAP.CN_isNA_rank	4.46126789805648e-07	0.000548500063288469	0.00137741046831956
BG.GSR.NFSV.GD.ZS_isNA_rank	4.36358552705681e-07	0.000629368662363051	0.00137741046831956
DC.DAC.CANL.CD_isNA_rank	4.31708596056675e-07	0.000917682798194169	0.00068870523415978
NY.GNP.MKTP.CD_delta1	4.26569308289009e-07	0.000914166772147448	0.00068870523415978
EN.GHG.CO2.RT.GDP.KD_max2	4.25520298208489e-07	0.00110051615262366	0.00068870523415978
FI.RES.TOTL.CD	4.24405909091539e-07	0.000541468011195027	0.00137741046831956
FP.CPI.TOTL.ZG_ratioavg2	4.22491913713041e-07	0.000186349380476211	0.00068870523415978
SP.DYN.TFRT.IN_delta1	4.21771175215437e-07	0.000914166772147448	0.00068870523415978
AG.LND.CROP.ZS	4.15742099407971e-07	0.000193381432569652	0.00068870523415978
NE.RSB.GNFS.CD_delta1	4.11717200757255e-07	0.000829782147026145	0.00068870523415978
BX.GRT.TECH.CD.WD_lag1	4.081827136998e-07	0.000232057719083583	0.00068870523415978
TX.VAL.AGRI.ZS.UN_isNA_rank	4.05646447534566e-07	0.000819234068885982	0.00068870523415978
NY.GDP.MKTP.KD_isNA_rank	4.04857522142968e-07	0.000889554589820402	0.00068870523415978
ER.FSH.AQUA.MT_ratioavg2	4.04072533257564e-07	0.000351602604672095	0.00068870523415978
DT.ODA.ODAT.GN.ZS_tend2	4.02247439604602e-07	0.000541468011195027	0.00137741046831956
BX.GSR.MRCH.CD_tend2	4.02230826447345e-07	0.000175801302336048	0.00068870523415978
BG.GSR.NFSV.GD.ZS_tend2	3.88646948346262e-07	0.000386762865139305	0.00137741046831956
EG.ELC.NGAS.ZS_rank	3.86647134379944e-07	0.000439503255840119	0.00068870523415978
TM.VAL.FUEL.ZS.UN_isNA_rank	3.84259932417769e-07	0.00069968918329747	0.00068870523415978
FM.AST.NFRG.CN	3.80981643437571e-07	0.000942294980521216	0.00137741046831956
DC.DAC.DEUL.CD_isNA_rank	3.79761221567039e-07	0.000358634656765537	0.00068870523415978
TM.VAL.TRAN.ZS.WT	3.79386702918353e-07	0.00069968918329747	0.00068870523415978
NE.CON.TOTL.KD.ZG_delta1	3.68915513859694e-07	0.000706721235390912	0.00068870523415978
FS.AST.CGOV.GD.ZS	3.51991895645672e-07	0.000319958370251607	0.00137741046831956
SP.POP.0004.FE.5Y	3.50272605919665e-07	0.00106887191820317	0.00068870523415978
FP.CPI.TOTL_avg2	3.47502874656341e-07	0.000762977652138447	0.00068870523415978
SP.POP.TOTL.MA.IN	3.39193956146522e-07	0.000179317328382769	0.00068870523415978
NV.IND.MANF.KD	3.38860316600615e-07	0.000225025666990141	0.00068870523415978
SE.SEC.ENRR.MA_delta1	3.37555626313627e-07	0.000326990422345049	0.00068870523415978
TX.VAL.FOOD.ZS.UN_lag1	3.36844137229178e-07	0.000928230876334332	0.00068870523415978
BX.GSR.NFSV.CD_tend2	3.30191028841994e-07	0.000988003319128588	0.00068870523415978
TM.VAL.MANF.ZS.UN_delta1	3.2634181398517e-07	0.000277766057690955	0.00068870523415978
TX.VAL.MRCH.AL.ZS	3.24485627438883e-07	0.000168769250242606	0.00068870523415978
SP.POP.5054.MA.5Y_lag1	3.21946525888069e-07	0.000203929510709815	0.00068870523415978
SH.IMM.IDPT_delta1	3.20659481058913e-07	0.000175801302336048	0.00068870523415978
SE.SEC.ENRR_isNA_rank	3.19379290705578e-07	0.000917682798194169	0.00068870523415978
FI.RES.XGLD.CD_isNA_rank	3.17781647279353e-07	0.000724301365624517	0.00068870523415978
BM.GSR.TRVL.ZS_lag1	3.11386779204064e-07	0.000168769250242606	0.00068870523415978
SP.POP.1014.MA.5Y_lag1	3.0862560915351e-07	0.00111809628285726	0.00068870523415978
FP.CPI.TOTL_ratioavg2	3.07873681414528e-07	0.000284798109784397	0.00068870523415978
DC.DAC.FRAL.CD_isNA_rank	3.06742858072421e-07	0.000298862213971281	0.00068870523415978
TM.VAL.SERV.CD.WT_isNA_rank	3.05101500157839e-07	0.000457083386073724	0.00068870523415978
SE.SEC.ENRR.FE_rank	3.02470262339685e-07	0.000351602604672095	0.00068870523415978
FD.AST.PRVT.GD.ZS_tend2	3.02431447838057e-07	0.000316442344204886	0.00068870523415978
AG.LND.ARBL.HA_ratiomax2	2.99461312623066e-07	0.000942294980521216	0.00068870523415978
FP.CPI.TOTL.ZG_tend2	2.94324172040596e-07	0.000439503255840119	0.00068870523415978
DC.DAC.USAL.CD_tend2	2.91493906671541e-07	0.000682109053063865	0.00068870523415978
DC.DAC.CECL.CD_isNA_rank	2.9011618455986e-07	0.000246121823270467	0.00068870523415978
BX.GSR.CMCP.ZS_avg2	2.88039388498647e-07	0.000393794917232747	0.00068870523415978
NY.GDP.PCAP.CD_lag1	2.84462233017417e-07	0.0010407437098294	0.00068870523415978
NE.EXP.GNFS.ZS_isNA_rank	2.80871671392718e-07	0.000450051333980282	0.00068870523415978
SE.PRM.ENRR.FE_isNA_rank	2.79815669196302e-07	0.000822750094932703	0.00068870523415978
SP.POP.0004.MA.5Y_delta1	2.77066308664329e-07	0.000446535307933561	0.00068870523415978
EG.ELC.COAL.ZS_tend2	2.75434502971069e-07	0.00105129178796957	0.00068870523415978
IT.CEL.SETS_delta1	2.63009375383654e-07	0.000471147490260608	0.00068870523415978
SP.POP.2529.FE.5Y_delta1	2.60494883878552e-07	0.000161737198149164	0.00068870523415978
NE.GDI.FTOT.ZS_delta1	2.56828516981613e-07	0.00092119882424089	0.00137741046831956
NY.GDP.DEFL.KD.ZG_rank	2.56232143175307e-07	0.000239089771177025	0.00068870523415978
BX.KLT.DINV.CD.WD_tend2	2.5221286023972e-07	0.0009563590847081	0.00068870523415978
FS.AST.CGOV.GD.ZS_tend2	2.5058873486274e-07	0.000453567360027003	0.00068870523415978
NE.CON.TOTL.KD.ZG_min2	2.50425245979642e-07	0.000298862213971281	0.00068870523415978
EG.USE.PCAP.KG.OE_ratioavg2	2.45863578557832e-07	0.00107941999634333	0.00068870523415978
TM.VAL.MANF.ZS.UN_rank	2.44824946539095e-07	0.000270734005597513	0.00068870523415978
NE.TRD.GNFS.ZS_isNA_rank	2.42012739548103e-07	0.000172285276289327	0.00068870523415978
FS.AST.CGOV.GD.ZS_rank	2.38408661667872e-07	0.000217993614896699	0.00068870523415978
AG.LND.ARBL.HA.PC_ratiomax2	2.35820395081662e-07	0.000759461626091726	0.00068870523415978
NY.GDP.MKTP.KD.ZG_lag1	2.34971871536855e-07	0.000193381432569652	0.00068870523415978
NE.CON.TOTL.CD_isNA_rank	2.34702069458519e-07	0.000675077000970423	0.00068870523415978
SE.PRM.ENRR_isNA_rank	2.33805151662746e-07	0.000179317328382769	0.00068870523415978
EN.POP.DNST_tend2	2.33538295082051e-07	0.000464115438167166	0.00068870523415978
SE.PRM.ENRR.FE_delta1	2.32548222482372e-07	0.000196897458616373	0.00068870523415978
FM.LBL.BMNY.GD.ZS_avg2	2.31525997160777e-07	0.000154705146055722	0.00068870523415978
TM.VAL.INSF.ZS.WT_lag1	2.30391705288737e-07	0.000886038563773681	0.00068870523415978
MS.MIL.XPND.CD_lag1	2.30015617543177e-07	0.000200413484663094	0.00068870523415978
EN.GHG.CH4.PI.MT.CE.AR5_ratioavg2	2.26310153982453e-07	0.00110051615262366	0.00068870523415978
AG.LND.CROP.ZS_delta1	2.21637878995011e-07	0.000186349380476211	0.00068870523415978
MS.MIL.MPRT.KD_max2	2.18672740114804e-07	0.000991519345175309	0.00068870523415978
BM.GSR.FCTY.CD_ratioavg2	2.16656436867298e-07	0.000305894266064723	0.00068870523415978
NE.CON.PRVT.ZS_isNA_rank	2.14751105931627e-07	0.000372698760952421	0.00137741046831956
SE.PRM.ENRL.FE.ZS_delta1	2.14608455756141e-07	0.00129741361124003	0.00137741046831956
DT.ODA.ODAT.PC.ZS_tend2	2.07813984128188e-07	0.000246121823270467	0.00068870523415978
EN.GHG.N2O.IP.MT.CE.AR5_ratioavg2	2.07005596429746e-07	0.000573112245615516	0.00068870523415978
TM.VAL.AGRI.ZS.UN_rank	2.05331081020688e-07	0.000826266120979424	0.00068870523415978
MS.MIL.XPND.CD_tend2	1.96984985926154e-07	0.000210961562803257	0.00068870523415978
EG.ELC.NUCL.ZS_min2	1.90967279189023e-07	0.000903618694007285	0.00068870523415978
AG.LND.ARBL.ZS_max2	1.90647789043e-07	0.000158221172102443	0.00068870523415978
dummy_crisis_2008_rank	1.89371425083796e-07	0.000284798109784397	0.00068870523415978
FS.AST.PRVT.GD.ZS_tend2	1.89242676556056e-07	0.000675077000970423	0.00068870523415978
EN.GHG.N2O.PI.MT.CE.AR5_max2	1.87913830435608e-07	0.000678593027017144	0.00068870523415978
SP.DYN.CDRT.IN_lag1	1.85543448090806e-07	0.000717269313531075	0.00068870523415978
NE.CON.PRVT.ZS_rank	1.85412662489931e-07	0.000801653938652378	0.00068870523415978
year_cycle_lag1	1.84514629809537e-07	0.000464115438167166	0.00068870523415978
NY.GDP.FCST.CN_delta1	1.82590449065363e-07	0.000566080193522074	0.00068870523415978
AG.PRD.FOOD.XD_avg2	1.77452179834264e-07	0.000770009704231889	0.00068870523415978
BX.KLT.DINV.WD.GD.ZS_ratioavg2	1.75594534303164e-07	0.000161737198149164	0.00068870523415978
BX.TRF.PWKR.CD.DT_tend2	1.71377496987385e-07	0.000717269313531075	0.00137741046831956
NY.ADJ.DMIN.GN.ZS	1.69800427311625e-07	0.000425439151653235	0.00137741046831956
BX.PEF.TOTL.CD.WD_isNA_rank	1.63029027601528e-07	0.000386762865139305	0.00068870523415978
NE.IMP.GNFS.CN_lag1	1.6273248205629e-07	0.000253153875363909	0.00068870523415978
SP.POP.5559.FE.5Y_delta1	1.60859737408777e-07	0.000158221172102443	0.00068870523415978
AG.LND.ARBL.HA.PC_delta1	1.59881653259778e-07	0.000689141105157307	0.00068870523415978
NV.SRV.TOTL.ZS_isNA_rank	1.59794127935008e-07	0.000601240453989283	0.00068870523415978
TX.VAL.TRVL.ZS.WT_isNA_rank	1.59236823264471e-07	0.000154705146055722	0.00068870523415978
TM.VAL.MRCH.R3.ZS	1.58408188710747e-07	0.000253153875363909	0.00068870523415978
DT.ODA.ODAT.GN.ZS_isNA_rank	1.57612876819591e-07	0.000270734005597513	0.00068870523415978
SP.RUR.TOTL	1.56884843397923e-07	0.000196897458616373	0.00068870523415978
EN.GHG.CH4.MT.CE.AR5_ratioavg2	1.54010626111378e-07	0.000499275698634376	0.00137741046831956
DC.DAC.GBRL.CD_tend2	1.53365648152989e-07	0.000270734005597513	0.00068870523415978
EG.USE.ELEC.KH.PC_ratiomax2	1.45416479511627e-07	0.000397310943279468	0.00068870523415978
SP.DYN.IMRT.FE.IN_delta1	1.43630737156592e-07	0.000488727620494213	0.00068870523415978
BG.GSR.NFSV.GD.ZS	1.41366695535044e-07	0.000337538500485212	0.00068870523415978
SP.DYN.TO65.MA.ZS_delta1	1.38959260481595e-07	0.000355118630718816	0.00068870523415978
EN.GHG.CO2.PI.MT.CE.AR5_tend2	1.37936914724933e-07	0.000537951985148306	0.00137741046831956
NE.GDI.TOTL.CD	1.37716164128929e-07	0.000291830161877839	0.00068870523415978
SE.PRM.ENRR	1.29624551772195e-07	0.000425439151653235	0.00068870523415978
BX.GSR.TRAN.ZS_min2	1.29529428715191e-07	0.000228541693036862	0.00068870523415978
BM.GSR.INSF.ZS_avg2	1.26698571493807e-07	0.000253153875363909	0.00068870523415978
MS.MIL.XPND.GD.ZS_delta1	1.26287440584721e-07	0.000193381432569652	0.00068870523415978
SM.POP.NETM	1.21098161941199e-07	0.000309410292111444	0.00068870523415978
TX.VAL.MRCH.OR.ZS_rank	1.18018974493443e-07	0.000249637849317188	0.00068870523415978
IT.MLT.MAIN.P2_isNA_rank	1.17112050264095e-07	0.000175801302336048	0.00068870523415978
NY.GDP.MKTP.KD.ZG_isNA_rank	1.16978147115482e-07	0.000432471203746677	0.00137741046831956
SH.DTH.NMRT_rank	1.1506396592288e-07	0.000172285276289327	0.00068870523415978
NE.CON.TOTL.KD.ZG_tend2	1.13254810990799e-07	0.000499275698634376	0.00068870523415978
NY.GDP.FRST.RT.ZS_delta1	1.13056155068106e-07	0.000594208401895841	0.00137741046831956
IT.CEL.SETS_avg2	1.08371203429601e-07	0.000407859021419631	0.00068870523415978
DT.ODA.ALLD.CD_ratioavg2	1.07867447630903e-07	0.000168769250242606	0.00068870523415978
DC.DAC.JPNL.CD_min2	1.04644701583154e-07	0.00022150964094342	0.00068870523415978
DC.DAC.CECL.CD_delta1	1.0419389592196e-07	0.000798137912605657	0.00068870523415978
AG.PRD.CROP.XD_delta1	1.02702531280956e-07	0.000210961562803257	0.00068870523415978
IS.AIR.PSGR_isNA_rank	1.01852996081585e-07	0.000154705146055722	0.00068870523415978
qaly_proxy_delta1	9.90027729014104e-08	0.000242605797223746	0.00068870523415978
BM.GSR.CMCP.ZS_rank	9.80842112035779e-08	0.000207445536756536	0.00068870523415978
DC.DAC.DEUL.CD_min2	9.79366816873729e-08	0.000189865406522932	0.00068870523415978
TM.VAL.FUEL.ZS.UN_rank	9.76932101557079e-08	0.000253153875363909	0.00068870523415978
BM.GSR.MRCH.CD_ratioavg2	9.46071028530957e-08	0.000481695568400771	0.00137741046831956
TM.VAL.FOOD.ZS.UN	9.14690295395275e-08	0.000158221172102443	0.00068870523415978
EN.GHG.CO2.PI.MT.CE.AR5_ratiomax2	9.08959513162022e-08	0.000608272506082725	0.00068870523415978
TX.VAL.OTHR.ZS.WT_rank	8.94777630219724e-08	0.000161737198149164	0.00068870523415978
FD.AST.PRVT.GD.ZS_lag1	8.66159918393627e-08	0.000249637849317188	0.00068870523415978
NY.GNP.MKTP.CN_delta1	8.65371791314474e-08	0.000225025666990141	0.00068870523415978
TM.VAL.MRCH.AL.ZS_delta1	8.18199784229724e-08	0.000158221172102443	0.00068870523415978
SP.DYN.AMRT.MA_isNA_rank	8.16386720319465e-08	0.000210961562803257	0.00068870523415978
AG.PRD.FOOD.XD	8.07963422905914e-08	0.000309410292111444	0.00068870523415978
EN.GHG.CO2.IP.MT.CE.AR5_avg2	8.01471766328693e-08	0.000175801302336048	0.00068870523415978
BX.GSR.GNFS.CD_isNA_rank	7.78979863755962e-08	0.000168769250242606	0.00068870523415978
ER.H2O.INTR.PC_tend2	7.70517614200706e-08	0.000172285276289327	0.00068870523415978
NY.GSR.NFCY.CN_isNA_rank	7.69424545531636e-08	0.000196897458616373	0.00068870523415978
PA.NUS.FCRF	7.66628112093434e-08	0.000172285276289327	0.00068870523415978
DT.ODA.ALLD.KD_ratiomax2	7.59896755322649e-08	0.000179317328382769	0.00068870523415978
SE.PRM.TCHR_isNA_rank	7.30749198021317e-08	0.000196897458616373	0.00068870523415978
BX.GSR.CMCP.ZS_ratioavg2	7.17782539316155e-08	0.000277766057690955	0.00068870523415978
ER.FSH.AQUA.MT	7.14131154541564e-08	0.000154705146055722	0.00068870523415978
NE.EXP.GNFS.KD.ZG_delta1	7.10904871143844e-08	0.000217993614896699	0.00068870523415978
TM.VAL.MRCH.R3.ZS_delta1	6.69416022825811e-08	0.000288314135831118	0.00068870523415978
BM.TRF.PWKR.CD.DT_avg2	6.35633367121752e-08	0.000232057719083583	0.00068870523415978
NV.AGR.TOTL.CD_isNA_rank	6.19355707551665e-08	0.000671560974923702	0.00068870523415978
NE.RSB.GNFS.CN_lag1	5.88639948036513e-08	0.000158221172102443	0.00068870523415978
DC.DAC.CANL.CD	5.37586903709208e-08	0.00018283335442949	0.00068870523415978
BM.GSR.TRAN.ZS_avg2	5.12673464857171e-08	0.00018283335442949	0.00068870523415978
clase_isNA_rank	5.12133606066356e-08	0.000467631464213887	0.00068870523415978
IT.MLT.MAIN_max2	5.07220371478649e-08	0.000260185927457351	0.00068870523415978
NY.ADJ.DNGY.GN.ZS_delta1	4.93226711341231e-08	0.000161737198149164	0.00068870523415978
NE.TRD.GNFS.ZS_delta1	4.9099690768876e-08	0.000158221172102443	0.00068870523415978
AG.PRD.CREL.MT_ratioavg2	4.89742111929575e-08	0.0003691827349057	0.00068870523415978
TM.VAL.MRCH.R2.ZS_lag1	4.88035787898793e-08	0.000168769250242606	0.00068870523415978
NY.GDP.MKTP.CN_rank	4.84055271290806e-08	0.000165253224195885	0.00068870523415978
IS.AIR.DPRT_tend2	4.00420480928601e-08	0.000186349380476211	0.00068870523415978
FM.AST.DOMS.CN_tend2	3.6726164446214e-08	0.000165253224195885	0.00068870523415978
NE.CON.TOTL.KD.ZG	3.54244437438812e-08	0.000161737198149164	0.00068870523415978
TM.VAL.MRCH.R2.ZS_delta1	3.4224676487358e-08	0.000390278891186026	0.00068870523415978
NV.AGR.TOTL.CD_delta1	3.41755080109608e-08	0.000172285276289327	0.00068870523415978
DC.DAC.TOTL.CD_ratioavg2	2.99673863311501e-08	0.000217993614896699	0.00068870523415978
SM.POP.RHCR.EO_delta1	2.88081420337067e-08	0.000172285276289327	0.00068870523415978
NY.ADJ.DRES.GN.ZS_delta1	2.01344583951369e-08	0.000165253224195885	0.00068870523415978
NV.IND.TOTL.ZS_isNA_rank	2.00881029378071e-08	0.000179317328382769	0.00068870523415978
DC.DAC.CECL.CD_min2	1.95676634413126e-08	0.000203929510709815	0.00068870523415978
SP.POP.2024.FE.5Y_delta1	1.90016547564265e-08	0.000161737198149164	0.00068870523415978
NY.GDP.DEFL.ZS_lag1	9.74376555458102e-09	0.00018283335442949	0.00068870523415978
