Feature	Gain	Cover	Frequency
urban_x_oop	0.870679715050346	0.0341751746372918	0.028995756718529
pop65_x_oop_rank	0.0464119671374455	0.00126348809852303	0.000707213578500707
EN.URB.LCTY_min2	0.0122064612209218	0.00100207676779412	0.00141442715700141
pop65_x_oop	0.00704828816639125	0.00879503899385683	0.00848656294200849
urban_x_oop_lag1	0.00685229714825225	0.0279535849659439	0.0190947666195191
SP.POP.2024.FE.5Y_rank	0.00642885196434506	0.00422324527644248	0.00282885431400283
EN.GHG.N2O.FE.MT.CE.AR5	0.00433683859540197	0.000792947703211002	0.00141442715700141
NY.GDP.DEFL.ZS_lag1	0.00331849422175155	0.000499586098726346	0.00141442715700141
TX.VAL.MRCH.R2.ZS	0.00314295611396577	0.000705810592968035	0.00141442715700141
urban_x_oop_delta1	0.00245763182066703	0.00361328550474171	0.00282885431400283
EN.GHG.N2O.FE.MT.CE.AR5_max2	0.00137311047307148	0.00040083070711765	0.000707213578500707
AG.PRD.CROP.XD_max2	0.00127995174955809	0.00136805263081459	0.00282885431400283
NE.CON.PRVT.PC.KD_avg2	0.00120611678707855	0.000287552463801792	0.000707213578500707
SP.POP.4044.MA.5Y	0.00111928439488766	0.00379046429556908	0.00212164073550212
urban_x_oop_rank	0.00102144461632633	0.00512656665262791	0.00353606789250354
BG.GSR.NFSV.GD.ZS_min2	0.000887274967724497	0.000270125041753199	0.000707213578500707
BG.GSR.NFSV.GD.ZS_max2	0.000846459099461058	0.000226556486631715	0.000707213578500707
EN.GHG.CH4.PI.MT.CE.AR5_tend2	0.00078286878278508	0.00838549457571489	0.00495049504950495
TX.VAL.MRCH.RS.ZS_lag1	0.000620892675014556	0.000938176220282615	0.000707213578500707
SP.POP.4549.MA.5Y_lag1	0.000617398762292183	0.00952699071989776	0.00565770862800566
NE.TRD.GNFS.ZS_lag1	0.000609030182315056	0.000781329421845274	0.00141442715700141
MS.MIL.XPND.GD.ZS_avg2	0.000600233079867463	0.00116763727725576	0.00141442715700141
SP.POP.3034.FE.5Y_delta1	0.000579991613141461	0.00670374834802562	0.00424328147100424
TX.VAL.MRCH.RS.ZS_rank	0.000545195093336019	0.00206514951275833	0.00141442715700141
AG.LND.AGRI.K2_min2	0.000523220150609359	0.000270125041753199	0.000707213578500707
SP.POP.2024.MA.5Y_lag1	0.000510570847745792	0.00152489942925193	0.00141442715700141
MS.MIL.XPND.GD.ZS_lag1	0.000482441996806869	0.000252697619704605	0.000707213578500707
SE.TER.ENRR	0.000480651280454368	0.00793238160245146	0.00565770862800566
NE.EXP.GNFS.ZS	0.000475643717425383	0.00252697619704605	0.00141442715700141
BX.TRF.CURR.CD	0.000453092199021929	0.00110083215940282	0.00141442715700141
EN.GHG.CH4.BU.MT.CE.AR5_min2	0.000441555259057022	0.000705810592968035	0.000707213578500707
NY.GDP.TOTL.RT.ZS_lag1	0.000439203603208295	0.00907968688731719	0.00565770862800566
SP.POP.5054.MA.5Y_delta1	0.000422243143778131	0.00346515241732867	0.00212164073550212
SP.POP.65UP.TO.ZS	0.000397710141501791	0.00114149614418287	0.000707213578500707
NE.CON.PRVT.PC.KD_max2	0.000359664649894066	0.000531536372482101	0.00141442715700141
NY.GSR.NFCY.CN_delta1	0.000346843477249331	0.00756931030977243	0.00565770862800566
SP.POP.7074.FE.5Y_delta1	0.00032961186573493	0.0023875568206573	0.00141442715700141
NE.EXP.GNFS.CN	0.000323267916134781	0.000418258129166243	0.000707213578500707
SP.RUR.TOTL.ZS_delta1	0.000316230749591153	0.000487967817360617	0.000707213578500707
TM.VAL.MRCH.R1.ZS_delta1	0.00029727755468271	0.00397054765673788	0.00424328147100424
IS.AIR.GOOD.MT.K1_tend2	0.000274741890103564	0.00736599038587217	0.00424328147100424
DT.ODA.ODAT.GN.ZS_max2	0.000264038222498112	0.000938176220282615	0.000707213578500707
TM.VAL.MRCH.WL.CD_delta1	0.000262810416002502	0.00266349100309337	0.00212164073550212
FS.AST.CGOV.GD.ZS_rank	0.000262495274837193	0.000546059224189262	0.000707213578500707
SE.ENR.PRIM.FM.ZS	0.000260099093251266	0.00126348809852303	0.000707213578500707
NE.CON.PRVT.KD.ZG	0.000257570118106716	0.000267220471411766	0.000707213578500707
SM.POP.RHCR.EA_delta1	0.000255158318561895	0.0018734478702238	0.00212164073550212
SH.MMR.DTHS_lag1	0.000246336076762085	0.00654690154958828	0.00424328147100424
AG.LND.AGRI.K2_ratioavg2	0.00023819915509687	0.0050539523940921	0.00282885431400283
NV.IND.TOTL.CN_isNA_rank	0.000234772031803055	0.00617221197554352	0.00424328147100424
SH.DYN.MORT_lag1	0.000233114916812525	0.00103402704154988	0.000707213578500707
AG.LND.AGRI.K2	0.000223316962521075	0.000743570007406654	0.000707213578500707
DT.ODA.ODAT.PC.ZS_isNA_rank	0.000221421674570908	0.00126348809852303	0.000707213578500707
AG.LND.AGRI.ZS_min2	0.000215142340720583	0.00103402704154988	0.000707213578500707
EN.GHG.N2O.PI.MT.CE.AR5_max2	0.000215131177537497	0.00225394658495142	0.00141442715700141
SP.URB.TOTL.IN.ZS_lag1	0.000211741026625144	0.000322407307898979	0.000707213578500707
EN.GHG.CH4.BU.MT.CE.AR5_tend2	0.000210830756731107	0.00937595306214328	0.00636492220650637
SP.POP.DPND.OL_lag1	0.000208670073366349	0.00114149614418287	0.000707213578500707
SP.POP.5054.MA.5Y_lag1	0.000207189800907473	0.00229461056973147	0.00141442715700141
NE.CON.PRVT.ZS_avg2	0.000207133004651461	0.00356971694962023	0.00212164073550212
TX.VAL.MRCH.R3.ZS_delta1	0.000202292699263235	0.00252697619704605	0.00141442715700141
AG.LND.AGRI.ZS_max2	0.000200910397364689	0.000734856296382358	0.000707213578500707
SP.POP.7074.MA.5Y_rank	0.000192110129330772	0.000760997429455248	0.00141442715700141
SP.POP.4044.FE.5Y_lag1	0.000185899323300259	0.000217842775607418	0.000707213578500707
AG.YLD.CREL.KG_min2	0.000183326435712141	0.0050539523940921	0.00282885431400283
SP.POP.0004.MA.5Y	0.000175531959943008	0.0023062288510972	0.00141442715700141
SE.ENR.PRIM.FM.ZS_lag1	0.000174131556589979	0.00126348809852303	0.000707213578500707
SP.POP.6064.FE.5Y	0.000167031251776642	0.00101950418984272	0.000707213578500707
FS.AST.CGOV.GD.ZS_avg2	0.000166661829381907	0.000807470554918164	0.00141442715700141
SP.DYN.CBRT.IN_lag1	0.000162943033325717	0.000639005475115094	0.00141442715700141
SP.POP.4044.FE.5Y_delta1	0.000161389835259324	0.00352614839449874	0.00282885431400283
NV.IND.MANF.KD	0.000159621753516931	0.00152780399959336	0.00141442715700141
SP.POP.0014.FE.ZS_delta1	0.000153962398112469	0.000252697619704605	0.000707213578500707
NE.IMP.GNFS.ZS_delta1	0.000152743638859478	0.00213776377129413	0.00141442715700141
AG.LND.AGRI.ZS	0.000152209629690652	0.000755188288772383	0.000707213578500707
SP.DYN.LE00.FE.IN_lag1	0.000145037662445603	0.00115020985520717	0.000707213578500707
SH.DYN.MORT.FE	0.000143744886704534	0.00292490233382227	0.00212164073550212
EG.ELC.HYRO.ZS_max2	0.000142304045464161	0.0050539523940921	0.00282885431400283
EN.GHG.CO2.IC.MT.CE.AR5_min2	0.000134784607109612	0.000261411330728902	0.000707213578500707
ER.H2O.INTR.PC_tend2	0.000130860989855246	0.000217842775607418	0.000707213578500707
SP.POP.7579.MA.5Y_delta1	0.000126854780455817	0.00483610961848469	0.00353606789250354
SP.RUR.TOTL.ZS_rank	0.000124885155819444	0.000487967817360617	0.000707213578500707
NE.IMP.GNFS.CN_delta1	0.000124569761825384	0.00166141423529924	0.00141442715700141
NE.IMP.GNFS.CD_delta1	0.000122659197288373	0.00115020985520717	0.000707213578500707
SP.POP.5054.FE.5Y	0.00012243282844045	0.00404316191527368	0.00282885431400283
SP.POP.5054.FE.5Y_delta1	0.000122050726349898	0.0040083070711765	0.00282885431400283
NE.IMP.GNFS.CN_lag1	0.000120520425571264	0.000627387193749365	0.000707213578500707
TX.VAL.TRAN.ZS.WT_delta1	0.000119844433022041	0.00647138272071104	0.00424328147100424
SP.DYN.LE00.MA.IN	0.000119756108381904	0.0050539523940921	0.00282885431400283
BM.GSR.TOTL.CD_isNA_rank	0.000116202331289841	0.0039182653905921	0.00353606789250354
YearsSinceFirst_rank	0.000116098700443566	0.00406639847800514	0.00282885431400283
EN.URB.MCTY.TL.ZS_max2	0.000115335244730426	0.000578009497945017	0.000707213578500707
AG.YLD.CREL.KG_lag1	0.000114505833236361	0.00189958900329669	0.00141442715700141
SP.POP.5559.FE.5Y_lag1	0.000112742423356944	0.00692159112363304	0.00424328147100424
EN.GHG.N2O.MT.CE.AR5_ratioavg2	0.000112068196277399	0.0071888115950448	0.00565770862800566
TM.VAL.MRCH.OR.ZS_lag1	0.000111654974955528	0.00126348809852303	0.000707213578500707
TX.VAL.MRCH.R3.ZS	0.000110636709289443	0.000438590121556269	0.000707213578500707
AG.PRD.CROP.XD_lag1	0.000110025667497819	0.00249212135294887	0.00212164073550212
NE.EXP.GNFS.KD_delta1	0.00010929011470905	0.000270125041753199	0.000707213578500707
SH.DYN.MORT.FE_lag1	0.000108524282870264	0.00359004894201025	0.00282885431400283
DC.DAC.JPNL.CD_min2	0.000106883885019369	0.000740665437065222	0.000707213578500707
DT.ODA.ODAT.KD_isNA_rank	0.000102508021207397	0.00787138562528138	0.00495049504950495
FS.AST.CGOV.GD.ZS_min2	9.82106154225835e-05	0.00116763727725576	0.00141442715700141
SP.POP.6064.MA.5Y_delta1	9.75996384836635e-05	0.0019460621287596	0.00141442715700141
TX.VAL.MANF.ZS.UN_lag1	9.60410696454135e-05	0.0026751092844591	0.00212164073550212
NE.CON.TOTL.KD.ZG_tend2	9.57404326422017e-05	0.000235270197656012	0.000707213578500707
NY.GDP.FCST.CD	9.29992517059604e-05	0.000909130516868292	0.000707213578500707
AG.LND.TOTL.K2_ratioavg2	8.90108105923465e-05	0.00494648329145911	0.00282885431400283
SP.POP.80UP.FE.5Y_delta1	8.75071325021458e-05	0.00171660107178646	0.00141442715700141
SP.POP.0014.MA.ZS	8.51433861734579e-05	0.00229461056973147	0.00141442715700141
SM.POP.NETM_delta1	8.43382137163643e-05	0.00252697619704605	0.00141442715700141
SP.POP.DPND.YG	8.39042743995831e-05	0.00113568700350001	0.000707213578500707
SM.POP.NETM_lag1	8.32683301617026e-05	0.00298589831099235	0.00212164073550212
EG.ELC.NUCL.ZS_lag1	8.28754650389287e-05	0.00104854989325704	0.000707213578500707
EG.ELC.PETR.ZS_ratioavg2	8.2054052932335e-05	0.0035668123792788	0.00212164073550212
SP.POP.2529.FE.5Y_lag1	8.11042231791327e-05	0.00200996267627111	0.00212164073550212
FS.AST.PRVT.GD.ZS_max2	7.98054534026807e-05	0.00126348809852303	0.000707213578500707
MS.MIL.MPRT.KD_tend2	7.78160335914997e-05	0.00435685551214837	0.00495049504950495
AG.LND.AGRI.K2_ratiomax2	7.75191504951142e-05	0.00126348809852303	0.000707213578500707
NV.SRV.TOTL.KD_isNA_rank	7.69064728666233e-05	0.00280581494982355	0.00212164073550212
IT.CEL.SETS.P2	7.68085909705864e-05	0.00136805263081459	0.00141442715700141
EN.GHG.CH4.BU.MT.CE.AR5_ratioavg2	7.64097150910795e-05	0.00634067705534659	0.00495049504950495
AG.LND.TOTL.K2_tend2	7.48266880717955e-05	0.00576266755740157	0.00353606789250354
SE.TER.ENRR_lag1	7.31901895139378e-05	0.00101950418984272	0.000707213578500707
BX.GSR.TRAN.ZS_tend2	7.05507879760622e-05	0.00670374834802562	0.00565770862800566
EN.GHG.ALL.MT.CE.AR5_ratioavg2	6.95176816397802e-05	0.000659337467505119	0.00141442715700141
SP.POP.1014.MA.5Y_lag1	6.84622051375513e-05	0.00194025298807674	0.00141442715700141
TM.VAL.MRCH.AL.ZS	6.83985511436506e-05	0.000508299809750643	0.000707213578500707
BX.GSR.TRVL.ZS_ratioavg2	6.81966102766961e-05	0.00126348809852303	0.000707213578500707
SP.URB.GROW	6.75418519547483e-05	0.00320374108659976	0.00212164073550212
NY.GDP.PCAP.KD_delta1	6.72843390959652e-05	0.00312241311703966	0.00212164073550212
EN.GHG.N2O.PI.MT.CE.AR5_ratioavg2	6.44609823303038e-05	0.00387179226512918	0.00282885431400283
NY.GDP.COAL.RT.ZS_isNA_rank	6.14023470380595e-05	0.00501909754999492	0.00424328147100424
FP.CPI.TOTL.ZG_avg2	6.12223465971413e-05	0.00126348809852303	0.000707213578500707
NY.ADJ.AEDU.GN.ZS_delta1	5.81036121889872e-05	0.00126348809852303	0.000707213578500707
NE.RSB.GNFS.ZS_lag1	5.7850227446813e-05	0.00252697619704605	0.00141442715700141
NE.EXP.GNFS.ZS_delta1	5.65232845909184e-05	0.000476349535994888	0.000707213578500707
SH.DYN.MORT.MA_lag1	5.64432296385153e-05	0.00691578198295017	0.00424328147100424
BX.PEF.TOTL.CD.WD_lag1	5.64236091788281e-05	0.00356971694962023	0.00212164073550212
DT.NFL.UNDP.CD_ratiomax2	5.52075324079133e-05	0.00325602335274555	0.00353606789250354
NY.GDP.DEFL.ZS	5.50118034620685e-05	0.00111535501110998	0.00212164073550212
ER.FSH.PROD.MT_tend2	5.49556007534931e-05	0.00126348809852303	0.000707213578500707
SE.SEC.ENRL.GC.FE.ZS_lag1	5.46384783864684e-05	0.000281743323118928	0.000707213578500707
SP.DYN.TO65.MA.ZS_lag1	5.44934809040481e-05	0.00126348809852303	0.000707213578500707
DT.ODA.ODAT.CD_rank	5.30071916629451e-05	0.00230041971041434	0.00141442715700141
IT.MLT.MAIN.P2_max2	5.28875343583356e-05	0.00141743032661894	0.00141442715700141
SP.POP.2529.MA.5Y	5.21395329478064e-05	0.00311950854669823	0.00212164073550212
NE.CON.PRVT.ZS_max2	5.09572100735168e-05	0.00806599183815734	0.00495049504950495
MS.MIL.MPRT.KD_delta1	5.07524332074878e-05	0.00169917364973786	0.00212164073550212
SP.DYN.TFRT.IN_delta1	4.91396588819635e-05	0.00269253670650769	0.00282885431400283
AG.SRF.TOTL.K2_ratioavg2	4.89574062796502e-05	0.00126348809852303	0.000707213578500707
SH.MMR.RISK.ZS	4.80031306799862e-05	0.00110664130008568	0.000707213578500707
IT.CEL.SETS_max2	4.79965455170445e-05	0.000348548440971869	0.000707213578500707
SP.POP.5559.FE.5Y	4.67954718868693e-05	0.0034593432766458	0.00212164073550212
TX.VAL.OTHR.ZS.WT_isNA_rank	4.63109077748428e-05	0.00210871806787981	0.00212164073550212
BX.PEF.TOTL.CD.WD_tend2	4.49746495539555e-05	0.00126348809852303	0.000707213578500707
SP.POP.5054.MA.5Y	4.42520595624167e-05	0.00104564532291561	0.000707213578500707
SE.SEC.ENRR.MA_lag1	4.40438471485825e-05	0.00244855279782738	0.00282885431400283
DT.ODA.ALLD.CD_rank	4.3436959608239e-05	0.00345353413596294	0.00212164073550212
BX.TRF.PWKR.DT.GD.ZS_isNA_rank	4.29044853190103e-05	0.00325021421206268	0.00424328147100424
SP.POP.4044.MA.5Y_delta1	4.1905746802154e-05	0.000296266174826089	0.000707213578500707
DC.DAC.USAL.CD_rank	4.13022039190349e-05	0.00126348809852303	0.000707213578500707
BX.GSR.MRCH.CD_lag1	3.96868287580852e-05	0.00115020985520717	0.000707213578500707
SE.SEC.ENRL	3.86638907692473e-05	0.000746474577748087	0.00141442715700141
BG.GSR.NFSV.GD.ZS	3.86560277418467e-05	0.00112697329247571	0.000707213578500707
FI.RES.TOTL.CD_min2	3.80699947016765e-05	0.00126348809852303	0.000707213578500707
ER.FSH.CAPT.MT_ratioavg2	3.76002489485803e-05	0.00126348809852303	0.000707213578500707
MS.MIL.MPRT.KD_avg2	3.72708353243979e-05	0.00112987786281714	0.00212164073550212
NE.CON.PRVT.ZS_lag1	3.72304659679707e-05	0.00172821935315219	0.00141442715700141
IT.MLT.MAIN_isNA_rank	3.61344874274575e-05	0.00376141859215476	0.00353606789250354
FS.AST.PRVT.GD.ZS_min2	3.6050344431609e-05	0.000781329421845274	0.000707213578500707
SP.DYN.LE00.FE.IN	3.56770189688285e-05	0.00100788590847699	0.000707213578500707
DC.DAC.CECL.CD_isNA_rank	3.48428776799325e-05	0.00296266174826089	0.00212164073550212
NY.ADJ.DNGY.GN.ZS_isNA_rank	3.41526064043548e-05	0.00126348809852303	0.000707213578500707
FP.CPI.TOTL_min2	3.40371538780583e-05	0.00128091552057162	0.00141442715700141
TM.VAL.MRCH.R5.ZS_lag1	3.36035274029784e-05	0.00190830271432098	0.00212164073550212
SP.POP.4549.MA.5Y	3.33687892651829e-05	0.0013331977867174	0.00141442715700141
EG.USE.PCAP.KG.OE_ratiomax2	3.28025705652469e-05	0.000935271649941182	0.000707213578500707
SP.POP.7074.MA.5Y_delta1	3.26979885137122e-05	0.00103112247120845	0.000707213578500707
BX.GSR.CMCP.ZS_isNA_rank	3.2645836485681e-05	0.0023062288510972	0.00141442715700141
SP.POP.0509.FE.5Y_lag1	3.25598507534804e-05	0.00551868364872126	0.00353606789250354
TM.VAL.MRCH.AL.ZS_delta1	3.21915369044095e-05	0.000862657391405377	0.00141442715700141
ER.FSH.CAPT.MT_tend2	3.10023741025253e-05	0.00126348809852303	0.000707213578500707
EN.GHG.CH4.BU.MT.CE.AR5_rank	3.05644297924781e-05	0.000470540395312024	0.000707213578500707
AG.PRD.FOOD.XD	3.03706211158452e-05	0.00196929869149106	0.00141442715700141
AG.CON.FERT.ZS_tend2	3.00457052444868e-05	0.00263734987002048	0.00353606789250354
TX.VAL.FOOD.ZS.UN_isNA_rank	2.99911768004251e-05	0.00023236562731458	0.000707213578500707
FM.AST.NFRG.CN	2.96343869865022e-05	0.00264315901070334	0.00212164073550212
SP.POP.GROW_delta1	2.96039028277087e-05	0.00185021130749234	0.00212164073550212
NV.AGR.TOTL.KD_delta1	2.90827247664051e-05	0.00126348809852303	0.000707213578500707
BM.TRF.PWKR.CD.DT_isNA_rank	2.89878100751746e-05	0.0015045674368619	0.00141442715700141
NY.GSR.NFCY.CN	2.89727971097343e-05	0.00155104056232482	0.00212164073550212
EG.ELC.NUCL.ZS_tend2	2.87787025488301e-05	0.00161494110983633	0.00141442715700141
ER.FSH.AQUA.MT_tend2	2.84142749738585e-05	0.00126348809852303	0.000707213578500707
TX.VAL.MMTL.ZS.UN_delta1	2.81018514272395e-05	0.000334025589264708	0.000707213578500707
SE.PRM.ENRR.FE_rank	2.80688048122702e-05	0.00025850676038747	0.000707213578500707
DC.DAC.USAL.CD_min2	2.79125667106987e-05	0.000656432897163687	0.000707213578500707
NY.GDP.FCST.CN_isNA_rank	2.75992750089994e-05	0.00286390635665219	0.00212164073550212
SP.POP.3034.FE.5Y_lag1	2.74028816617196e-05	0.00144066688935039	0.00141442715700141
FM.AST.NFRG.CN_tend2	2.72629152972175e-05	0.000755188288772383	0.000707213578500707
NY.ADJ.DKAP.CD_isNA_rank	2.69935488160362e-05	0.000821993406625325	0.00141442715700141
AG.LND.ARBL.ZS_tend2	2.68517541860467e-05	0.00187054329988237	0.00141442715700141
EN.GHG.CO2.IP.MT.CE.AR5_delta1	2.66081592983517e-05	0.00126348809852303	0.000707213578500707
SP.DYN.AMRT.MA_delta1	2.64922251197327e-05	0.000293361604484657	0.000707213578500707
NY.GDP.PCAP.KD.ZG_delta1	2.63636868664535e-05	0.00205934037207546	0.00141442715700141
TX.VAL.FOOD.ZS.UN_delta1	2.61248777211467e-05	0.000946889931306911	0.000707213578500707
SP.DYN.TO65.MA.ZS	2.57994960234616e-05	0.00230041971041434	0.00141442715700141
DT.ODA.ODAT.PC.ZS_rank	2.56905419317143e-05	0.00126348809852303	0.000707213578500707
NY.GDP.MKTP.CN_isNA_rank	2.50426947785405e-05	0.00126348809852303	0.000707213578500707
SE.PRM.DURS_rank	2.4905377888992e-05	0.00335187417401281	0.00212164073550212
IS.AIR.PSGR_delta1	2.32354098184568e-05	0.00126348809852303	0.000707213578500707
SP.DYN.CBRT.IN_delta1	2.30633228291266e-05	0.00135933891979029	0.00141442715700141
EN.GHG.CO2.PI.MT.CE.AR5_tend2	2.29194815155497e-05	0.000639005475115094	0.000707213578500707
NY.GSR.NFCY.CN_lag1	2.18081751109993e-05	0.00135062520876599	0.00141442715700141
TM.VAL.MRCH.WL.CD_lag1	2.12921827493582e-05	0.000255602190046037	0.000707213578500707
DC.DAC.TOTL.CD_min2	2.11556010184489e-05	0.000441494691897701	0.000707213578500707
NV.IND.MANF.CD	2.08429172866525e-05	0.000342739300289005	0.000707213578500707
NE.IMP.GNFS.KD.ZG	2.07934093130503e-05	0.00147842630378901	0.00141442715700141
EN.GHG.CH4.FE.MT.CE.AR5_delta1	2.07921161307699e-05	0.000424067269849108	0.000707213578500707
TM.VAL.MRCH.R6.ZS_delta1	2.02980532754701e-05	0.00073776086672379	0.00141442715700141
NY.GDP.PCAP.CD_delta1	2.01755183015039e-05	0.0019547758397839	0.00141442715700141
TM.VAL.FUEL.ZS.UN	2.01224344756267e-05	0.000981744775404098	0.00141442715700141
SP.POP.5559.MA.5Y_lag1	1.99770746408211e-05	0.00344191585459721	0.00212164073550212
TX.VAL.MRCH.RS.ZS	1.95876306675842e-05	0.000639005475115094	0.000707213578500707
AG.LND.CROP.ZS_min2	1.92760341381361e-05	0.00093236707959975	0.000707213578500707
pop65_x_oop_lag1	1.9147968825622e-05	0.00047925410633632	0.000707213578500707
SH.MMR.RISK_delta1	1.9147760522608e-05	0.00134772063842456	0.00141442715700141
SP.POP.0014.FE.ZS	1.91151580034697e-05	0.00229461056973147	0.00141442715700141
qaly_proxy_lag1	1.86659339690586e-05	0.0034593432766458	0.00212164073550212
BM.KLT.DINV.CD.WD	1.79596365255317e-05	0.000223651916290283	0.000707213578500707
NY.GDP.MKTP.CN_delta1	1.79544881887704e-05	0.0040809213297123	0.00282885431400283
FS.AST.CGOV.GD.ZS	1.78895212663928e-05	0.000223651916290283	0.000707213578500707
year	1.7878334852487e-05	0.00102821790086701	0.000707213578500707
SH.MMR.RISK.ZS_delta1	1.78121251296686e-05	0.00286971549733506	0.00353606789250354
BM.TRF.PWKR.CD.DT_avg2	1.75646862673245e-05	0.000319502737557547	0.000707213578500707
SH.MMR.DTHS	1.74871760575974e-05	0.00164689138359208	0.00212164073550212
SP.DYN.CBRT.IN	1.72093461049301e-05	0.00209129064583122	0.00141442715700141
SP.POP.65UP.MA.ZS	1.70462765937312e-05	0.000487967817360617	0.000707213578500707
BX.KLT.DINV.WD.GD.ZS_isNA_rank	1.66468586617714e-05	0.00504814325340924	0.00353606789250354
EN.GHG.CH4.WA.MT.CE.AR5_ratioavg2	1.66317427547626e-05	0.000746474577748087	0.000707213578500707
TX.VAL.MRCH.HI.ZS	1.64995589688496e-05	0.00073776086672379	0.00141442715700141
NE.RSB.GNFS.CN_delta1	1.64722693744082e-05	0.000238174767997444	0.000707213578500707
SP.POP.1564.FE.IN_delta1	1.64394767497311e-05	0.000374689574044759	0.000707213578500707
BX.PEF.TOTL.CD.WD_avg2	1.63909475679866e-05	0.000267220471411766	0.000707213578500707
NE.CON.TOTL.KD_tend2	1.62566099342322e-05	0.000252697619704605	0.000707213578500707
SP.POP.7074.FE.5Y_lag1	1.60291833096652e-05	0.00103112247120845	0.000707213578500707
NE.CON.PRVT.KD.ZG_ratioavg2	1.58837332134467e-05	0.000676764889553713	0.00141442715700141
DT.ODA.ODAT.GN.ZS_ratioavg2	1.58426831940108e-05	0.000641910045456526	0.000707213578500707
BX.GRT.EXTA.CD.WD_avg2	1.52032750231675e-05	0.00093236707959975	0.000707213578500707
TX.VAL.FUEL.ZS.UN	1.51455586331175e-05	0.000903321376185428	0.00141442715700141
EN.GHG.N2O.WA.MT.CE.AR5_ratioavg2	1.51370531525665e-05	0.000464731254629159	0.00141442715700141
DT.ODA.ODAT.CD_isNA_rank	1.49249494796862e-05	0.00241079338338876	0.00212164073550212
NY.GDP.FCST.CN	1.47834432022426e-05	0.000551868364872126	0.00141442715700141
NV.SRV.TOTL.KD.ZG	1.47788688603109e-05	0.000650623756480823	0.00141442715700141
BX.KLT.DINV.CD.WD_tend2	1.44329764785799e-05	0.0010630727449642	0.00141442715700141
NE.CON.PRVT.CD_isNA_rank	1.42668592774647e-05	0.000578009497945017	0.000707213578500707
SP.POP.0014.FE.ZS_lag1	1.4234995885564e-05	0.00114730528486574	0.000707213578500707
FD.AST.PRVT.GD.ZS	1.42175653177863e-05	0.0036568540598632	0.00282885431400283
EN.GHG.N2O.BU.MT.CE.AR5_tend2	1.41803496176902e-05	0.00330830561889133	0.00282885431400283
DC.DAC.TOTL.CD_rank	1.41670482070686e-05	0.0050626661051164	0.00353606789250354
IS.AIR.DPRT_delta1	1.41036829044966e-05	0.000731951726040925	0.000707213578500707
NV.SRV.TOTL.KD.ZG_isNA_rank	1.39870409602463e-05	0.00160622739881203	0.00141442715700141
MS.MIL.XPND.CD_ratioavg2	1.37663345761563e-05	0.000804565984576732	0.00141442715700141
DC.DAC.USAL.CD_avg2	1.36694183562436e-05	0.000717428874333764	0.000707213578500707
BX.GRT.TECH.CD.WD_ratioavg2	1.35806149555371e-05	0.0025850676038747	0.00353606789250354
DC.DAC.CECL.CD_ratioavg2	1.32869035556658e-05	0.000981744775404098	0.00141442715700141
NY.GDP.PCAP.CD	1.31373969711983e-05	0.000441494691897701	0.000707213578500707
MS.MIL.MPRT.KD	1.30374888637335e-05	0.00618383025690925	0.00565770862800566
TX.VAL.MRCH.R5.ZS_delta1	1.30333195366189e-05	0.00199253525422252	0.00282885431400283
SP.POP.DPND.YG_lag1	1.29537472770853e-05	0.00115020985520717	0.000707213578500707
SP.DYN.LE00.IN_delta1	1.2300553938005e-05	0.000424067269849108	0.000707213578500707
EN.GHG.N2O.PI.MT.CE.AR5_tend2	1.22824633245709e-05	0.00101369504915985	0.000707213578500707
DT.NFL.UNDP.CD_max2	1.20889637630288e-05	0.000432780980873404	0.000707213578500707
TM.VAL.MRCH.HI.ZS_rank	1.18767037660929e-05	0.000548963794530694	0.000707213578500707
NE.RSB.GNFS.ZS	1.18278793593518e-05	0.00231203799178007	0.00141442715700141
FM.LBL.BMNY.GD.ZS_isNA_rank	1.17455717918267e-05	0.0019460621287596	0.00212164073550212
TM.VAL.INSF.ZS.WT_delta1	1.16955617905376e-05	0.000697096881943739	0.00141442715700141
SP.POP.80UP.MA.5Y_delta1	1.16116177811766e-05	0.000586723208969313	0.00141442715700141
SH.IMM.IDPT_lag1	1.15879493270086e-05	0.000432780980873404	0.000707213578500707
FS.AST.PRVT.GD.ZS_lag1	1.15005859588196e-05	0.000752283718430951	0.000707213578500707
SP.POP.TOTL.FE.ZS	1.13849189346238e-05	0.00050539523940921	0.000707213578500707
SP.DYN.TO65.MA.ZS_rank	1.13622812754708e-05	0.000331121018923276	0.000707213578500707
NY.GNP.MKTP.CN_isNA_rank	1.13570560108191e-05	0.00124025153579157	0.00212164073550212
FM.AST.DOMS.CN	1.13138163656601e-05	0.000397926136776217	0.000707213578500707
NV.IND.MANF.ZS_isNA_rank	1.12348726207853e-05	0.00104564532291561	0.000707213578500707
MS.MIL.MPRT.KD_min2	1.09184600762874e-05	0.00194025298807674	0.00212164073550212
BX.TRF.CURR.CD_tend2	1.07963235350728e-05	0.000229461056973147	0.000707213578500707
TM.VAL.MMTL.ZS.UN_lag1	1.07578200006245e-05	0.0011531144255486	0.000707213578500707
BX.KLT.DINV.CD.WD_max2	1.06658995200281e-05	0.000929462509258318	0.000707213578500707
TM.VAL.MRCH.R4.ZS_delta1	1.06588025530963e-05	0.00173402849383505	0.00212164073550212
MS.MIL.XPND.CD_tend2	1.06391740110199e-05	0.000270125041753199	0.000707213578500707
NV.IND.TOTL.CD_isNA_rank	1.06118863161819e-05	0.000554772935213559	0.000707213578500707
SP.RUR.TOTL_delta1	1.05825489855066e-05	0.00163527310222635	0.00212164073550212
SP.POP.0509.MA.5Y_lag1	1.05587899553418e-05	0.00230332428075577	0.00141442715700141
SP.DYN.TO65.FE.ZS_lag1	1.0472711251466e-05	0.00115020985520717	0.000707213578500707
IS.AIR.DPRT_ratioavg2	1.0307590071733e-05	0.000731951726040925	0.00141442715700141
NE.CON.GOVT.ZS_ratiomax2	1.01905419753234e-05	0.000412448988483379	0.000707213578500707
TX.VAL.MRCH.R5.ZS	1.01186611497107e-05	0.00103402704154988	0.00141442715700141
NY.GDP.MINR.RT.ZS_delta1	1.01047288771495e-05	0.000650623756480823	0.000707213578500707
DT.NFL.UNDP.CD_ratioavg2	1.00536942999294e-05	0.00202448552797827	0.00353606789250354
FI.RES.TOTL.CD_isNA_rank	9.94436091665769e-06	0.00175726505656651	0.00212164073550212
AG.PRD.CROP.XD_ratioavg2	9.90370640192226e-06	0.00102821790086701	0.000707213578500707
DT.NFL.UNDP.CD_tend2	9.83627043062185e-06	0.000819088836283893	0.000707213578500707
SM.POP.RHCR.EO_rank	9.60784797826283e-06	0.00101659961950129	0.000707213578500707
FD.AST.PRVT.GD.ZS_min2	9.44048618599787e-06	0.000888798524478267	0.000707213578500707
SE.PRM.ENRR.MA_isNA_rank	9.37438714835443e-06	0.00182697474476088	0.00212164073550212
SP.POP.65UP.TO.ZS_rank	9.3367567055355e-06	0.000868466532088241	0.000707213578500707
BX.TRF.PWKR.CD.DT_lag1	9.20229052791369e-06	0.000612864342042203	0.000707213578500707
DC.DAC.DEUL.CD	9.19830910424985e-06	0.00273029612094631	0.00282885431400283
NV.SRV.TOTL.ZS	9.11694901537382e-06	0.000810375125259596	0.00141442715700141
NY.GDS.TOTL.CD_delta1	9.0569592960545e-06	0.000476349535994888	0.000707213578500707
NE.CON.PRVT.ZS_min2	9.05323955789179e-06	0.00151909028856906	0.00141442715700141
pop65_x_oop_delta1	8.93655391066249e-06	0.00272739155060488	0.00282885431400283
TM.VAL.FUEL.ZS.UN_isNA_rank	8.83269767704172e-06	0.000522822661457804	0.00141442715700141
BM.GSR.TRAN.ZS_avg2	8.82506383619391e-06	0.000264315901070334	0.000707213578500707
TX.VAL.MRCH.R6.ZS_lag1	8.76446856684867e-06	0.000615768912383636	0.000707213578500707
SM.POP.NETM	8.7508955734289e-06	0.0011531144255486	0.000707213578500707
SP.POP.TOTL_delta1	8.6040187177184e-06	0.000214938205265986	0.000707213578500707
MS.MIL.MPRT.KD_ratioavg2	8.52347223989462e-06	0.00226556486631715	0.00212164073550212
NV.IND.MANF.ZS_lag1	8.36199036161212e-06	0.00228589685870718	0.00141442715700141
NV.IND.TOTL.KD_delta1	8.25816062564474e-06	0.00073776086672379	0.00141442715700141
SP.POP.5054.FE.5Y_lag1	8.22663715386923e-06	0.0011531144255486	0.000707213578500707
BX.GRT.EXTA.CD.WD_isNA_rank	8.12488616485982e-06	0.000816184265942461	0.000707213578500707
EN.GHG.CH4.BU.MT.CE.AR5_ratiomax2	8.08046995129411e-06	0.00280291037948212	0.00282885431400283
EN.GHG.ALL.PC.CE.AR5_rank	7.91285305559353e-06	0.00115601899589003	0.000707213578500707
EN.GHG.N2O.BU.MT.CE.AR5_delta1	7.86016245973236e-06	0.000912035087209725	0.000707213578500707
SP.POP.1014.MA.5Y	7.81119963602563e-06	0.00100207676779412	0.000707213578500707
SP.POP.TOTL.MA.ZS_delta1	7.69820802786507e-06	0.000229461056973147	0.000707213578500707
BX.PEF.TOTL.CD.WD_ratioavg2	7.65993670481571e-06	0.00197220326183249	0.00141442715700141
IT.MLT.MAIN.P2_lag1	7.50025434388165e-06	0.000609959771700771	0.00141442715700141
EN.GHG.ALL.PC.CE.AR5_lag1	7.49460460860149e-06	0.000798756843893867	0.000707213578500707
AG.YLD.CREL.KG_delta1	7.1887569325964e-06	0.00103983618223274	0.000707213578500707
DC.DAC.FRAL.CD_tend2	7.0964834403401e-06	0.00159170454710487	0.00282885431400283
DC.DAC.DEUL.CD_lag1	7.04398556348495e-06	0.000273029612094631	0.000707213578500707
SP.POP.0509.MA.5Y	6.86980010519906e-06	0.0011531144255486	0.000707213578500707
EN.GHG.CO2.PC.CE.AR5_tend2	6.85330133526741e-06	0.0014145257562775	0.00141442715700141
DC.DAC.JPNL.CD_ratioavg2	6.8111139252338e-06	0.00140581204525321	0.00282885431400283
BX.GSR.GNFS.CD_ratioavg2	6.73863192957261e-06	0.000264315901070334	0.000707213578500707
BX.GSR.FCTY.CD_ratioavg2	6.67398907712576e-06	0.000217842775607418	0.000707213578500707
TM.VAL.MRCH.R1.ZS_lag1	6.657748120892e-06	0.00167012794632354	0.00212164073550212
FP.CPI.TOTL.ZG_lag1	6.59783767674391e-06	0.000371785003703327	0.000707213578500707
NE.EXP.GNFS.CN_delta1	6.48873130213558e-06	0.00170207822007929	0.00212164073550212
AG.CON.FERT.ZS_delta1	6.47311489196236e-06	0.00115892356623147	0.00141442715700141
SH.DTH.IMRT_delta1	6.38852954259424e-06	0.00104564532291561	0.000707213578500707
IT.MLT.MAIN.P2	6.362500038615e-06	0.00137386177149745	0.00141442715700141
BX.GSR.NFSV.CD_min2	6.35509342421953e-06	0.000226556486631715	0.000707213578500707
TX.VAL.MRCH.R2.ZS_delta1	6.27404516069653e-06	0.00209129064583122	0.00141442715700141
EN.GHG.N2O.MT.CE.AR5_tend2	6.27092893986303e-06	0.000865561961746809	0.000707213578500707
NE.CON.PRVT.KD_isNA_rank	6.19288500206004e-06	0.000975935634721234	0.000707213578500707
SH.IMM.MEAS_rank	6.15086587027451e-06	0.000653528326822255	0.000707213578500707
NY.GDP.FRST.RT.ZS_delta1	6.1158155366343e-06	0.00155104056232482	0.00353606789250354
NY.GDP.PCAP.CD_lag1	6.11020883886698e-06	0.000839420828673918	0.000707213578500707
SE.SEC.ENRL.GC_delta1	6.10043950494504e-06	0.00157427712505628	0.00141442715700141
BM.KLT.DINV.CD.WD_avg2	6.07496691146357e-06	0.000589627779310746	0.000707213578500707
BM.GSR.FCTY.CD_tend2	6.07108312983756e-06	0.00144357145969183	0.00141442715700141
DC.DAC.JPNL.CD_tend2	6.05494241700943e-06	0.00170788736076216	0.00212164073550212
TX.VAL.FOOD.ZS.UN_rank	6.05193084375774e-06	0.000214938205265986	0.000707213578500707
BM.KLT.DINV.CD.WD_isNA_rank	6.03615595583837e-06	0.000235270197656012	0.000707213578500707
BX.TRF.CURR.CD_delta1	6.0244251663977e-06	0.00103693161189131	0.000707213578500707
SP.POP.2024.MA.5Y_rank	5.94031643600778e-06	0.00059543691999361	0.000707213578500707
BM.KLT.DINV.CD.WD_tend2	5.81342229557464e-06	0.00239336596134017	0.00353606789250354
EN.GHG.N2O.BU.MT.CE.AR5_ratioavg2	5.70480267922923e-06	0.00291328405245654	0.00282885431400283
TX.VAL.MRCH.WR.ZS	5.66758196998762e-06	0.000714524303992332	0.000707213578500707
SH.IMM.MEAS_lag1	5.62813177964836e-06	0.000421162699507675	0.000707213578500707
NE.IMP.GNFS.ZS_isNA_rank	5.62166122208243e-06	0.000339834729947573	0.000707213578500707
FI.RES.TOTL.CD_ratioavg2	5.62000793790242e-06	0.00122282411374297	0.00212164073550212
AG.PRD.CREL.MT_ratioavg2	5.55762314530085e-06	0.000217842775607418	0.000707213578500707
TG.VAL.TOTL.GD.ZS_delta1	5.48212607966568e-06	0.000328216448581844	0.000707213578500707
NY.GDP.PCAP.KD.ZG_lag1	5.46894684863489e-06	0.000903321376185428	0.00141442715700141
TM.VAL.MANF.ZS.UN	5.40566780257932e-06	0.00068547860057801	0.00141442715700141
SE.SEC.ENRR_isNA_rank	5.32104991796464e-06	0.000604150631017907	0.00141442715700141
FI.RES.TOTL.CD_tend2	5.23860781737651e-06	0.00128091552057162	0.00141442715700141
SE.PRM.AGES_rank	5.23537993131785e-06	0.000473444965653456	0.000707213578500707
SP.POP.1519.FE.5Y_delta1	5.23363626473108e-06	0.000609959771700771	0.00141442715700141
NY.ADJ.DFOR.CD_isNA_rank	5.16427542645251e-06	0.000914939657551157	0.000707213578500707
DT.ODA.ODAT.PC.ZS_ratiomax2	5.13291382025098e-06	0.000816184265942461	0.000707213578500707
NY.GDP.MKTP.KD.ZG_delta1	4.98913859351553e-06	0.00101659961950129	0.00141442715700141
NY.GDP.FRST.RT.ZS_isNA_rank	4.90650857737727e-06	0.00103693161189131	0.000707213578500707
EN.GHG.ALL.PC.CE.AR5_tend2	4.84507680494316e-06	0.000845229969356783	0.00141442715700141
FI.RES.TOTL.MO_ratioavg2	4.76886979578736e-06	0.0020535312313926	0.00282885431400283
EN.URB.MCTY.TL.ZS	4.72121994895507e-06	0.00028464789346036	0.000707213578500707
TM.VAL.MRCH.R2.ZS_lag1	4.70006170581809e-06	0.000531536372482101	0.000707213578500707
TX.VAL.SERV.CD.WT_isNA_rank	4.68129701144084e-06	0.000226556486631715	0.000707213578500707
BM.GSR.GNFS.CD_isNA_rank	4.56080029989003e-06	0.000755188288772383	0.000707213578500707
NY.GDP.PCAP.KN_lag1	4.50023523061002e-06	0.000322407307898979	0.000707213578500707
DC.DAC.USAL.CD	4.45047888083032e-06	0.00189958900329669	0.00141442715700141
IS.AIR.GOOD.MT.K1_ratioavg2	4.38857266730733e-06	0.00234689283587725	0.00282885431400283
TX.VAL.OTHR.ZS.WT_rank	4.36362833297971e-06	0.000456017543604862	0.000707213578500707
NV.IND.TOTL.KD.ZG_delta1	4.28892242193802e-06	0.00132157950535167	0.00212164073550212
DT.ODA.ODAT.KD_ratioavg2	4.2451751591762e-06	0.000307884456191818	0.000707213578500707
TM.VAL.AGRI.ZS.UN_lag1	4.19747115549617e-06	0.000644814615797958	0.00141442715700141
BM.GSR.CMCP.ZS_tend2	4.13325681487232e-06	0.00036307129267903	0.000707213578500707
NE.RSB.GNFS.CD_lag1	4.11917429214686e-06	0.000246888479021741	0.000707213578500707
EN.GHG.N2O.IC.MT.CE.AR5_ratioavg2	4.06401697044484e-06	0.000517013520774939	0.000707213578500707
TG.VAL.TOTL.GD.ZS_rank	4.00486026959147e-06	0.000912035087209725	0.00141442715700141
PA.NUS.FCRF_isNA_rank	3.9764222620125e-06	0.00160913196915346	0.00212164073550212
DC.DAC.GBRL.CD_isNA_rank	3.97211391296303e-06	0.000917844227892589	0.000707213578500707
EN.URB.MCTY.TL.ZS_tend2	3.94678421321969e-06	0.000926557938916886	0.00141442715700141
NE.IMP.GNFS.CD_isNA_rank	3.93108499485479e-06	0.00137967091218032	0.00141442715700141
IT.CEL.SETS_ratioavg2	3.89589523999998e-06	0.000688383170919442	0.00141442715700141
DC.DAC.DEUL.CD_isNA_rank	3.89505844652587e-06	0.000325311878240411	0.000707213578500707
NY.ADJ.DKAP.GN.ZS_delta1	3.85570122786178e-06	0.00135933891979029	0.00212164073550212
DT.ODA.ODAT.CD_tend2	3.80007536957081e-06	0.000220747345948851	0.000707213578500707
NY.GDS.TOTL.ZS_lag1	3.76826608612026e-06	0.00229461056973147	0.00212164073550212
SP.POP.80UP.MA.5Y	3.76628924018367e-06	0.000226556486631715	0.000707213578500707
SP.POP.2529.MA.5Y_lag1	3.72406006307266e-06	0.00128382009091305	0.00141442715700141
EN.GHG.CO2.PI.MT.CE.AR5_delta1	3.72363164804474e-06	0.000926557938916886	0.000707213578500707
NY.ADJ.NNTY.PC.CD_isNA_rank	3.71781456616914e-06	0.00235851111724298	0.00212164073550212
SP.POP.5559.MA.5Y_delta1	3.70363649459948e-06	0.00115020985520717	0.000707213578500707
BM.KLT.DINV.WD.GD.ZS_lag1	3.66702588475259e-06	0.000322407307898979	0.000707213578500707
BX.KLT.DINV.CD.WD_ratioavg2	3.65828528895013e-06	0.000943985360965479	0.00141442715700141
SP.POP.DPND.OL_delta1	3.6227869513775e-06	0.00144357145969183	0.00141442715700141
BM.GSR.FCTY.CD_isNA_rank	3.60209913233355e-06	0.00206805408309976	0.00141442715700141
NV.SRV.TOTL.ZS_lag1	3.5900442971609e-06	0.00109211844837852	0.00141442715700141
SP.POP.7579.FE.5Y_lag1	3.51580525299301e-06	0.00103983618223274	0.000707213578500707
NV.AGR.TOTL.KD.ZG_isNA_rank	3.40775329139936e-06	0.000650623756480823	0.00141442715700141
NY.ADJ.DRES.GN.ZS_delta1	3.374918464067e-06	0.000267220471411766	0.000707213578500707
NE.CON.GOVT.ZS_min2	3.3704422723473e-06	0.000313693596874682	0.000707213578500707
SP.POP.7579.FE.5Y_delta1	3.36505794917888e-06	0.000914939657551157	0.00141442715700141
TM.VAL.MRCH.CD.WT_delta1	3.35770558842624e-06	0.000238174767997444	0.000707213578500707
NY.GDP.FCST.KD	3.33453942813172e-06	0.000476349535994888	0.000707213578500707
SM.POP.NETM_rank	3.25650516983681e-06	0.000331121018923276	0.000707213578500707
SH.DYN.NMRT_delta1	3.23439475348933e-06	0.00103693161189131	0.00141442715700141
TX.VAL.FUEL.ZS.UN_delta1	3.18286482744287e-06	0.000743570007406654	0.000707213578500707
BX.GSR.CMCP.ZS	3.14640899293028e-06	0.000673860319212281	0.00141442715700141
SH.DTH.MORT_lag1	3.08793198713478e-06	0.0015219948589105	0.00141442715700141
IT.MLT.MAIN.P2_delta1	3.06700169641325e-06	0.000249793049363173	0.000707213578500707
BX.PEF.TOTL.CD.WD_min2	3.05031291773786e-06	0.00207386322378262	0.00141442715700141
AG.PRD.FOOD.XD_tend2	3.02968796709893e-06	0.000882989383795402	0.00141442715700141
NY.GSR.NFCY.CD_delta1	3.02195142667032e-06	0.00202158095763684	0.00212164073550212
SP.POP.4044.MA.5Y_rank	3.02133009904622e-06	0.000729047155699493	0.000707213578500707
SP.DYN.TFRT.IN_lag1	3.00041834458267e-06	0.00102821790086701	0.00141442715700141
AG.PRD.CREL.MT_tend2	2.98199083586963e-06	0.00103112247120845	0.000707213578500707
AG.LND.ARBL.HA_tend2	2.96719849061739e-06	0.00129543837227878	0.00212164073550212
DC.DAC.TOTL.CD_lag1	2.93979805370903e-06	0.000644814615797958	0.000707213578500707
SE.PRM.ENRR.MA	2.89540899116351e-06	0.000406639847800514	0.000707213578500707
NY.GNP.PCAP.CD_delta1	2.88518646267295e-06	0.000705810592968035	0.000707213578500707
EN.GHG.N2O.BU.MT.CE.AR5_ratiomax2	2.87012127628651e-06	0.0011531144255486	0.000707213578500707
SH.DTH.MORT_delta1	2.8619637740512e-06	0.00104274075257418	0.000707213578500707
SH.MMR.RISK_lag1	2.79505882056443e-06	0.000493776958043481	0.000707213578500707
BX.TRF.PWKR.DT.GD.ZS	2.78587146706622e-06	0.00123734696545014	0.00282885431400283
DC.DAC.JPNL.CD_delta1	2.74803422155702e-06	0.000243983908680309	0.000707213578500707
EN.GHG.CH4.MT.CE.AR5_ratiomax2	2.71848384490871e-06	0.00209129064583122	0.00141442715700141
EN.GHG.CO2.TR.MT.CE.AR5_tend2	2.69084768777966e-06	0.000226556486631715	0.000707213578500707
BX.GSR.TRVL.ZS_isNA_rank	2.63927681741399e-06	0.000287552463801792	0.000707213578500707
AG.PRD.CROP.XD_tend2	2.63548438614554e-06	0.000816184265942461	0.000707213578500707
BM.KLT.DINV.WD.GD.ZS_avg2	2.58717289653798e-06	0.00149875829617904	0.00141442715700141
TM.VAL.FUEL.ZS.UN_lag1	2.58390306191114e-06	0.000688383170919442	0.000707213578500707
SP.POP.0014.MA.ZS_lag1	2.53472554671504e-06	0.0011531144255486	0.000707213578500707
FP.CPI.TOTL.ZG	2.53219367778475e-06	0.00232656084348723	0.00212164073550212
EN.GHG.CO2.MT.CE.AR5_tend2	2.52770170846687e-06	0.000554772935213559	0.000707213578500707
FM.AST.NFRG.CN_ratiomax2	2.52712403542424e-06	0.00100788590847699	0.000707213578500707
FM.AST.DOMS.CN_tend2	2.51996584560382e-06	0.00115020985520717	0.000707213578500707
SE.PRM.ENRR.MA_rank	2.51481015241642e-06	0.0007116197336509	0.000707213578500707
NV.SRV.TOTL.CD_isNA_rank	2.50761789072753e-06	0.000604150631017907	0.000707213578500707
SE.SEC.ENRL.GC_isNA_rank	2.5047401729733e-06	0.000316598167216115	0.000707213578500707
BX.GRT.TECH.CD.WD_isNA_rank	2.50157342510759e-06	0.000769711140479545	0.000707213578500707
TM.VAL.MRCH.RS.ZS	2.48335852678968e-06	0.000217842775607418	0.000707213578500707
SP.POP.2024.FE.5Y_lag1	2.47415641204163e-06	0.000435685551214837	0.000707213578500707
EN.GHG.N2O.PI.MT.CE.AR5_lag1	2.4706882442941e-06	0.00104564532291561	0.000707213578500707
ER.H2O.INTR.PC	2.462633925615e-06	0.00103402704154988	0.000707213578500707
NE.EXP.GNFS.ZS_isNA_rank	2.45317104491909e-06	0.00166431880564068	0.00141442715700141
NV.AGR.TOTL.CN_isNA_rank	2.44961401928732e-06	0.000583818638627881	0.000707213578500707
NY.ADJ.DNGY.GN.ZS_rank	2.38727837438805e-06	0.000270125041753199	0.000707213578500707
NY.GDP.FCST.CD_delta1	2.37734894140236e-06	0.000424067269849108	0.000707213578500707
SP.POP.1564.MA.ZS_delta1	2.33872964003728e-06	0.000415353558824811	0.000707213578500707
SE.PRM.ENRL	2.33248074320654e-06	0.000458922113946295	0.000707213578500707
NE.RSB.GNFS.ZS_rank	2.32051222504726e-06	0.000432780980873404	0.000707213578500707
NY.GDP.PETR.RT.ZS_isNA_rank	2.30476168714042e-06	0.000447303832580566	0.00141442715700141
TM.VAL.TRAN.ZS.WT	2.29184355479058e-06	0.00246017107919311	0.00212164073550212
BX.GRT.EXTA.CD.WD_tend2	2.2848298800259e-06	0.000563486646237855	0.000707213578500707
EN.GHG.CH4.PI.MT.CE.AR5_delta1	2.2750669345793e-06	0.0011531144255486	0.000707213578500707
DC.DAC.GBRL.CD_lag1	2.25946511626452e-06	0.000249793049363173	0.000707213578500707
FM.AST.PRVT.GD.ZS_isNA_rank	2.24283262392865e-06	0.000406639847800514	0.000707213578500707
AG.LND.CROP.ZS_max2	2.24176845880958e-06	0.000299170745167521	0.000707213578500707
SP.POP.1564.TO.ZS_delta1	2.24137856822384e-06	0.000540250083506397	0.000707213578500707
NY.GDS.TOTL.CD_isNA_rank	2.21922817550796e-06	0.00102821790086701	0.000707213578500707
TM.VAL.OTHR.ZS.WT	2.21656437488244e-06	0.000630291764090797	0.000707213578500707
TM.VAL.MRCH.OR.ZS	2.21016970465992e-06	0.000278838752777495	0.000707213578500707
EN.URB.MCTY.TL.ZS_rank	2.18902249616216e-06	0.000307884456191818	0.000707213578500707
FS.AST.CGOV.GD.ZS_lag1	2.17271078272429e-06	0.000229461056973147	0.000707213578500707
NE.CON.GOVT.CD_isNA_rank	2.14071074036812e-06	0.00112987786281714	0.00141442715700141
EG.ELC.NUCL.ZS	2.11597182940087e-06	0.000612864342042203	0.000707213578500707
IT.CEL.SETS.P2_min2	2.0817967773788e-06	0.000252697619704605	0.000707213578500707
SP.POP.3034.MA.5Y_delta1	2.07835086040049e-06	0.000993363056769827	0.00141442715700141
NY.GNP.ATLS.CD_isNA_rank	2.0742783888637e-06	0.002143572911977	0.00212164073550212
NY.GDP.FCST.KD_isNA_rank	2.06393088582435e-06	0.000990458486428395	0.00212164073550212
DT.NFL.UNDP.CD_isNA_rank	2.0615063989369e-06	0.00104854989325704	0.000707213578500707
NY.GDP.MKTP.CD_isNA_rank	2.02094383952829e-06	0.000395021566434785	0.000707213578500707
DC.DAC.DEUL.CD_ratioavg2	2.0176808773522e-06	0.000270125041753199	0.000707213578500707
NV.IND.MANF.CD_isNA_rank	2.01146818188171e-06	0.000252697619704605	0.000707213578500707
NV.AGR.TOTL.CN_rank	2.00787030872581e-06	0.00102821790086701	0.000707213578500707
BX.KLT.DINV.WD.GD.ZS	1.95113104081838e-06	0.00127220180954732	0.00141442715700141
FI.RES.XGLD.CD_ratioavg2	1.94148814547082e-06	0.00164979595393351	0.00141442715700141
EG.ELC.NUCL.ZS_rank	1.93392990158117e-06	0.000531536372482101	0.000707213578500707
MS.MIL.MPRT.KD_max2	1.92817717633497e-06	0.000859752821063944	0.00141442715700141
EN.GHG.CH4.BU.MT.CE.AR5_delta1	1.9207880334516e-06	0.00404897105595655	0.00282885431400283
BX.KLT.DINV.WD.GD.ZS_avg2	1.91328931853668e-06	0.000267220471411766	0.000707213578500707
BX.KLT.DINV.WD.GD.ZS_tend2	1.90447728796454e-06	0.000220747345948851	0.000707213578500707
BX.TRF.CURR.CD_ratioavg2	1.89028693551899e-06	0.00120539669169438	0.00141442715700141
FI.RES.TOTL.MO_isNA_rank	1.87711873912742e-06	0.000900416805843996	0.000707213578500707
EG.USE.PCAP.KG.OE_delta1	1.87684969720015e-06	0.000482158676677753	0.00141442715700141
AG.LND.PRCP.MM_min2	1.86139282951897e-06	0.000325311878240411	0.000707213578500707
FM.AST.DOMS.CN_isNA_rank	1.8398141085507e-06	0.00101659961950129	0.000707213578500707
NY.GDS.TOTL.ZS	1.83687197367015e-06	0.000467635824970591	0.00141442715700141
BX.GSR.FCTY.CD_tend2	1.8350732790799e-06	0.00104274075257418	0.000707213578500707
SP.POP.6569.FE.5Y_delta1	1.82018434443634e-06	0.000897512235502563	0.00141442715700141
TX.VAL.MRCH.OR.ZS	1.79836352687143e-06	0.00147842630378901	0.00282885431400283
BM.GSR.TRVL.ZS_isNA_rank	1.78849192894655e-06	0.00093236707959975	0.00141442715700141
EG.ELC.NUCL.ZS_ratioavg2	1.7826186696259e-06	0.00103693161189131	0.000707213578500707
NV.AGR.TOTL.KD.ZG_lag1	1.72305117044933e-06	0.000418258129166243	0.000707213578500707
NE.IMP.GNFS.KD.ZG_isNA_rank	1.70817047548702e-06	0.000293361604484657	0.000707213578500707
PA.NUS.FCRF_lag1	1.67732536783701e-06	0.000470540395312024	0.000707213578500707
NV.IND.TOTL.KD_isNA_rank	1.65211237271274e-06	0.000894607665161131	0.00212164073550212
DC.DAC.CANL.CD_avg2	1.62366575642127e-06	0.000354357581654734	0.000707213578500707
NE.CON.TOTL.CD_isNA_rank	1.56621158424531e-06	0.000519918091116372	0.000707213578500707
SE.PRM.ENRL.FE.ZS_delta1	1.54453461626995e-06	0.00134481606808313	0.00141442715700141
SE.PRM.TCHR_delta1	1.51870325182125e-06	0.00132157950535167	0.00141442715700141
BM.TRF.PWKR.CD.DT_ratioavg2	1.50913438051179e-06	0.000490872387702049	0.00141442715700141
EN.GHG.CH4.TR.MT.CE.AR5_tend2	1.49496633933238e-06	0.000682574030236577	0.000707213578500707
NV.IND.TOTL.CD	1.48113296714508e-06	0.00102821790086701	0.000707213578500707
AG.LND.ARBL.HA_ratioavg2	1.47446538319205e-06	0.00138257548252175	0.00141442715700141
AG.PRD.CROP.XD	1.45990929053344e-06	0.000226556486631715	0.000707213578500707
SP.POP.5559.MA.5Y_rank	1.45812429244713e-06	0.000885893954136834	0.000707213578500707
BM.GSR.TRAN.ZS_min2	1.4390741493764e-06	0.000560582075896423	0.000707213578500707
NV.SRV.TOTL.KD.ZG_rank	1.43287548919264e-06	0.000365975863020463	0.000707213578500707
BM.GSR.GNFS.CD_ratioavg2	1.42032310310556e-06	0.00103983618223274	0.000707213578500707
SE.PRM.ENRR.MA_delta1	1.41385922440021e-06	0.00103983618223274	0.000707213578500707
TM.VAL.MANF.ZS.UN_lag1	1.36917851827603e-06	0.000365975863020463	0.000707213578500707
EN.GHG.CO2.TR.MT.CE.AR5_ratioavg2	1.36614225017934e-06	0.00104274075257418	0.000707213578500707
SP.RUR.TOTL.ZG_delta1	1.34907725322338e-06	0.0019460621287596	0.00212164073550212
SP.DYN.TFRT.IN	1.34645606663221e-06	0.000926557938916886	0.000707213578500707
NY.GNP.MKTP.CD_isNA_rank	1.34520005366286e-06	0.000572200357262152	0.000707213578500707
FI.RES.TOTL.MO	1.33814330508719e-06	0.000397926136776217	0.000707213578500707
NY.GDP.TOTL.RT.ZS	1.29318731375302e-06	0.000467635824970591	0.000707213578500707
DC.DAC.CECL.CD_lag1	1.27401506368778e-06	0.000612864342042203	0.00141442715700141
SP.POP.2024.FE.5Y_delta1	1.26919491064821e-06	0.00172821935315219	0.00141442715700141
FM.LBL.BMNY.GD.ZS_ratioavg2	1.26582615144873e-06	0.000421162699507675	0.000707213578500707
SE.PRM.ENRR.FE	1.26090189529968e-06	0.000226556486631715	0.000707213578500707
NE.CON.GOVT.ZS	1.24737865455148e-06	0.00059543691999361	0.000707213578500707
TM.VAL.MRCH.HI.ZS	1.2412453310473e-06	0.000243983908680309	0.000707213578500707
TX.VAL.MRCH.R6.ZS	1.23567883953669e-06	0.000307884456191818	0.000707213578500707
FM.AST.PRVT.GD.ZS	1.22966275907422e-06	0.00135062520876599	0.00141442715700141
FM.AST.NFRG.CN_isNA_rank	1.22606253863761e-06	0.00152780399959336	0.00141442715700141
FS.AST.PRVT.GD.ZS_tend2	1.22023518438406e-06	0.000296266174826089	0.000707213578500707
SE.PRM.ENRL.FE.ZS	1.20517338582545e-06	0.000273029612094631	0.000707213578500707
SE.PRM.ENRR	1.17630134910387e-06	0.000833611687991054	0.000707213578500707
SP.POP.BRTH.MF	1.16385872863849e-06	0.000560582075896423	0.000707213578500707
TX.VAL.MRCH.HI.ZS_delta1	1.16301564348412e-06	0.00159170454710487	0.00282885431400283
NY.ADJ.NNTY.CD_isNA_rank	1.14697950564149e-06	0.00068547860057801	0.000707213578500707
SP.DYN.CDRT.IN_delta1	1.1342621807366e-06	0.000325311878240411	0.000707213578500707
NE.CON.PRVT.PC.KD_delta1	1.13142927910481e-06	0.000627387193749365	0.000707213578500707
EN.GHG.N2O.WA.MT.CE.AR5_tend2	1.13092778379083e-06	0.000220747345948851	0.000707213578500707
SP.POP.4549.FE.5Y_lag1	1.13019552900406e-06	0.000548963794530694	0.000707213578500707
BX.KLT.DINV.CD.WD	1.11191205137135e-06	0.00127510637988876	0.00141442715700141
DC.DAC.CANL.CD_tend2	1.08181192706124e-06	0.00106597731530563	0.00141442715700141
BM.GSR.TOTL.CD	1.06291859202152e-06	0.000514108950433507	0.000707213578500707
TM.VAL.SERV.CD.WT_lag1	1.05763716202407e-06	0.00064771918613939	0.000707213578500707
FM.LBL.BMNY.GD.ZS_tend2	1.04203660204534e-06	0.000302075315508953	0.000707213578500707
EN.GHG.CO2.RT.GDP.KD	1.04113887606782e-06	0.000935271649941182	0.00141442715700141
BX.TRF.PWKR.CD.DT	1.0295603936869e-06	0.000775520281162409	0.000707213578500707
EG.ELC.HYRO.ZS_ratioavg2	1.01383835588169e-06	0.00104274075257418	0.000707213578500707
NY.ADJ.DRES.GN.ZS_lag1	1.01030427068408e-06	0.000784233992186706	0.000707213578500707
year_cycle_rank	1.00483815567233e-06	0.000755188288772383	0.000707213578500707
PA.NUS.FCRF_delta1	9.95808529758393e-07	0.000485063247019185	0.000707213578500707
IT.MLT.MAIN.P2_isNA_rank	9.95121091094062e-07	0.000444399262239133	0.000707213578500707
TX.VAL.MRCH.R3.ZS_isNA_rank	9.72644498955651e-07	0.000485063247019185	0.00141442715700141
NY.ADJ.DKAP.GN.ZS_isNA_rank	9.44244241458224e-07	0.000252697619704605	0.000707213578500707
NV.AGR.TOTL.CN_delta1	9.41362555105675e-07	0.00103693161189131	0.000707213578500707
BX.TRF.CURR.CD_isNA_rank	9.35746117333336e-07	0.000912035087209725	0.000707213578500707
TG.VAL.TOTL.GD.ZS	9.34686114402741e-07	0.000290457034143224	0.000707213578500707
DC.DAC.CANL.CD_max2	9.3302288452817e-07	0.000554772935213559	0.000707213578500707
FS.AST.CGOV.GD.ZS_ratioavg2	9.1779275932393e-07	0.00106888188564707	0.00141442715700141
BM.KLT.DINV.WD.GD.ZS_min2	9.17324634114078e-07	0.000688383170919442	0.00141442715700141
EN.GHG.CO2.IP.MT.CE.AR5_ratioavg2	9.13255005932795e-07	0.000368880433361895	0.000707213578500707
BM.GSR.MRCH.CD_rank	9.03107493629902e-07	0.00103402704154988	0.000707213578500707
EN.GHG.N2O.IP.MT.CE.AR5_tend2	8.9688475566977e-07	0.0011531144255486	0.00141442715700141
NY.GSR.NFCY.CD	8.88361247034925e-07	0.000758092859113816	0.000707213578500707
TM.VAL.SERV.CD.WT_isNA_rank	8.88248480765713e-07	0.000395021566434785	0.000707213578500707
TX.VAL.MRCH.WL.CD_delta1	8.80453282518096e-07	0.000670955748870848	0.00141442715700141
NV.AGR.TOTL.KD_isNA_rank	8.75033919530407e-07	0.000235270197656012	0.000707213578500707
SE.SEC.ENRL.GC.FE.ZS_delta1	8.70600874218002e-07	0.00130415208330308	0.00141442715700141
SP.DYN.AMRT.MA_isNA_rank	8.68422234736574e-07	0.00098464934574553	0.000707213578500707
BX.GSR.NFSV.CD_isNA_rank	8.67138635169171e-07	0.00103402704154988	0.000707213578500707
DC.DAC.CANL.CD_isNA_rank	8.51735198372636e-07	0.00145228517071612	0.00141442715700141
TX.VAL.OTHR.ZS.WT_delta1	8.36492296217721e-07	0.00136805263081459	0.00141442715700141
EN.GHG.N2O.MT.CE.AR5_ratiomax2	8.36139623340575e-07	0.00104564532291561	0.000707213578500707
AG.LND.CREL.HA_tend2	8.14426599197599e-07	0.000676764889553713	0.00141442715700141
AG.LND.CROP.ZS_ratioavg2	8.08758666442238e-07	0.00103983618223274	0.000707213578500707
SP.ADO.TFRT	7.79034155443443e-07	0.00050539523940921	0.00141442715700141
NY.GDP.MKTP.KD_delta1	7.69278179242664e-07	0.000229461056973147	0.000707213578500707
SE.SEC.ENRL_isNA_rank	7.58324388114902e-07	0.000467635824970591	0.00141442715700141
TM.VAL.AGRI.ZS.UN	7.51541303431621e-07	0.00025850676038747	0.000707213578500707
BM.GSR.INSF.ZS_avg2	7.47304921524771e-07	0.00028464789346036	0.000707213578500707
AG.LND.TOTL.K2	7.46464062657263e-07	0.000220747345948851	0.000707213578500707
DC.DAC.GBRL.CD_ratiomax2	7.45953662195841e-07	0.000807470554918164	0.000707213578500707
BM.GSR.TRAN.ZS_ratiomax2	7.38157229810943e-07	0.000697096881943739	0.00141442715700141
FI.RES.TOTL.CD	7.35399126577894e-07	0.00036307129267903	0.000707213578500707
AG.PRD.LVSK.XD_tend2	7.34943318542082e-07	0.000903321376185428	0.000707213578500707
SP.DYN.LE00.IN_rank	7.33935730147777e-07	0.000217842775607418	0.000707213578500707
BX.TRF.PWKR.DT.GD.ZS_ratioavg2	7.29395411686999e-07	0.000682574030236577	0.000707213578500707
NE.CON.GOVT.ZS_isNA_rank	7.28386903739425e-07	0.000914939657551157	0.000707213578500707
SM.POP.RHCR.EO_delta1	7.18923539068113e-07	0.0014319531783261	0.00212164073550212
NE.CON.PRVT.KD.ZG_tend2	7.05760085635506e-07	0.000406639847800514	0.000707213578500707
AG.LND.ARBL.ZS	7.00531747739911e-07	0.000287552463801792	0.000707213578500707
BM.GSR.TRVL.ZS_ratioavg2	6.98320222129759e-07	0.00036307129267903	0.000707213578500707
EN.GHG.CH4.TR.MT.CE.AR5	6.96146543396226e-07	0.00025850676038747	0.000707213578500707
NY.GDP.PCAP.KN_isNA_rank	6.94368175772961e-07	0.000371785003703327	0.000707213578500707
NY.GDP.FCST.CD_isNA_rank	6.9333537226009e-07	0.00028464789346036	0.000707213578500707
EN.GHG.N2O.IP.MT.CE.AR5_ratioavg2	6.90911913820375e-07	0.00153651771061766	0.00141442715700141
DC.DAC.CECL.CD_min2	6.88366832361548e-07	0.000290457034143224	0.000707213578500707
TM.VAL.MRCH.R3.ZS_delta1	6.85665233256956e-07	0.000235270197656012	0.000707213578500707
NE.CON.TOTL.KD_isNA_rank	6.82094269133539e-07	0.00103402704154988	0.000707213578500707
SP.DYN.IMRT.FE.IN_delta1	6.59962654663345e-07	0.000804565984576732	0.000707213578500707
SP.POP.0509.MA.5Y_delta1	6.55588073579785e-07	0.00098464934574553	0.00141442715700141
DC.DAC.GBRL.CD_ratioavg2	6.5128100706513e-07	0.000241079338338876	0.000707213578500707
BX.GSR.TOTL.CD_tend2	6.42465588665155e-07	0.000299170745167521	0.000707213578500707
SH.DYN.MORT.FE_delta1	6.40810247589675e-07	0.000734856296382358	0.000707213578500707
NY.ADJ.DMIN.CD_isNA_rank	6.39386924323038e-07	0.000281743323118928	0.000707213578500707
NE.IMP.GNFS.ZS	6.33559231286703e-07	0.00025850676038747	0.000707213578500707
SP.POP.6064.FE.5Y_delta1	6.33479278549905e-07	0.000511204380092075	0.000707213578500707
BM.GSR.INSF.ZS	6.31954417243437e-07	0.000406639847800514	0.000707213578500707
DC.DAC.CANL.CD_ratioavg2	6.31687795193183e-07	0.000656432897163687	0.000707213578500707
EN.GHG.CO2.IC.MT.CE.AR5_ratioavg2	6.26201982382477e-07	0.000456017543604862	0.000707213578500707
AG.PRD.LVSK.XD_rank	6.22711454971263e-07	0.000406639847800514	0.000707213578500707
NE.CON.TOTL.KD.ZG	6.22648054193294e-07	0.000464731254629159	0.000707213578500707
BX.GSR.CMCP.ZS_tend2	6.22467821752716e-07	0.000226556486631715	0.000707213578500707
NE.GDI.FTOT.CD_isNA_rank	6.09850582961452e-07	0.000243983908680309	0.000707213578500707
NE.RSB.GNFS.CN	6.0957638669612e-07	0.00050539523940921	0.00141442715700141
SP.POP.2024.MA.5Y_delta1	6.02999088354767e-07	0.000424067269849108	0.000707213578500707
EN.GHG.CO2.TR.MT.CE.AR5_max2	6.01782616175946e-07	0.000249793049363173	0.000707213578500707
NY.ADJ.NNTY.PC.CD_delta1	5.96372739106182e-07	0.000458922113946295	0.000707213578500707
BG.GSR.NFSV.GD.ZS_ratioavg2	5.94055077689857e-07	0.000456017543604862	0.000707213578500707
NV.IND.MANF.CD_delta1	5.9379256943054e-07	0.000464731254629159	0.000707213578500707
EN.GHG.CH4.AG.MT.CE.AR5_ratioavg2	5.93731636927133e-07	0.000421162699507675	0.000707213578500707
SP.RUR.TOTL.ZG_lag1	5.91510818989217e-07	0.000941080790624047	0.000707213578500707
EG.ELC.FOSL.ZS_max2	5.87380282503297e-07	0.000859752821063944	0.00141442715700141
BX.GRT.EXTA.CD.WD	5.72364026030237e-07	0.000604150631017907	0.000707213578500707
DT.ODA.ODAT.PC.ZS_min2	5.59970722658563e-07	0.000627387193749365	0.000707213578500707
EN.GHG.N2O.IP.MT.CE.AR5_delta1	5.58124973559629e-07	0.00108630930769566	0.00141442715700141
NE.IMP.GNFS.KD.ZG_lag1	5.55294915283339e-07	0.000560582075896423	0.00141442715700141
BX.GSR.GNFS.CD_min2	5.5378667853201e-07	0.000264315901070334	0.000707213578500707
TX.VAL.MRCH.R4.ZS_rank	5.49048752913638e-07	0.00036307129267903	0.000707213578500707
EN.GHG.CO2.BU.MT.CE.AR5_ratiomax2	5.47912669049479e-07	0.000917844227892589	0.000707213578500707
EG.ELC.FOSL.ZS	5.4498752170562e-07	0.000238174767997444	0.000707213578500707
NY.GDS.TOTL.ZS_isNA_rank	5.42779964693783e-07	0.000644814615797958	0.000707213578500707
DC.DAC.GBRL.CD_rank	5.33902113466647e-07	0.000368880433361895	0.000707213578500707
NV.SRV.TOTL.KD	5.3388241566769e-07	0.000821993406625325	0.000707213578500707
NY.ADJ.DNGY.CD_delta1	5.32116534609858e-07	0.00050539523940921	0.000707213578500707
NY.GDP.FRST.RT.ZS	5.30273798257816e-07	0.000290457034143224	0.000707213578500707
EG.USE.PCAP.KG.OE_isNA_rank	5.25354043080032e-07	0.000650623756480823	0.00141442715700141
NY.ADJ.DMIN.GN.ZS_rank	5.23297873574674e-07	0.000578009497945017	0.000707213578500707
BX.GSR.FCTY.CD_isNA_rank	5.15977793981502e-07	0.000877180243112538	0.00141442715700141
NV.IND.TOTL.KD.ZG_isNA_rank	5.15798335901571e-07	0.00104274075257418	0.000707213578500707
SE.PRM.ENRL.FE.ZS_isNA_rank	5.0658571888725e-07	0.000261411330728902	0.000707213578500707
NY.ADJ.NNTY.PC.CD_lag1	5.06404034520459e-07	0.000624482623407932	0.000707213578500707
SE.SEC.ENRR	5.02041141442913e-07	0.000302075315508953	0.000707213578500707
NY.ADJ.DNGY.CD_isNA_rank	4.95742637133232e-07	0.00033693015960614	0.000707213578500707
BM.GSR.TRAN.ZS_tend2	4.87352875101377e-07	0.000755188288772383	0.000707213578500707
TM.VAL.OTHR.ZS.WT_isNA_rank	4.81448375168373e-07	0.000397926136776217	0.000707213578500707
NY.ADJ.AEDU.GN.ZS_rank	4.80440447991285e-07	0.000650623756480823	0.000707213578500707
BX.GSR.TRVL.ZS_tend2	4.75786250117865e-07	0.000397926136776217	0.000707213578500707
NY.ADJ.DFOR.GN.ZS_rank	4.71043000770045e-07	0.00104564532291561	0.000707213578500707
NV.IND.TOTL.CN_rank	4.6957979793009e-07	0.000214938205265986	0.000707213578500707
DT.ODA.ODAT.PC.ZS_ratioavg2	4.62406846859838e-07	0.000313693596874682	0.000707213578500707
MS.MIL.XPND.GD.ZS	4.59488571966721e-07	0.00104564532291561	0.000707213578500707
SE.SEC.ENRR_rank	4.57691474495309e-07	0.000243983908680309	0.000707213578500707
DC.DAC.JPNL.CD	4.54716332492181e-07	0.000214938205265986	0.000707213578500707
BM.GSR.INSF.ZS_lag1	4.42669168329694e-07	0.000217842775607418	0.000707213578500707
NV.SRV.TOTL.CD_delta1	4.27314625148383e-07	0.000450208402921998	0.00141442715700141
BM.GSR.INSF.ZS_delta1	4.23712916487405e-07	0.000386307855410488	0.000707213578500707
SE.PRM.ENRR_lag1	4.21707903182286e-07	0.000778424851503841	0.00141442715700141
EG.USE.ELEC.KH.PC_isNA_rank	4.21418969865893e-07	0.00101079047881842	0.000707213578500707
IT.MLT.MAIN.P2_min2	4.20486397659261e-07	0.000914939657551157	0.000707213578500707
IT.MLT.MAIN.P2_ratioavg2	4.17175715508301e-07	0.000304979885850386	0.000707213578500707
TM.VAL.MRCH.R4.ZS_rank	4.12761859820678e-07	0.000339834729947573	0.000707213578500707
DT.ODA.ODAT.GN.ZS_lag1	4.12329040616573e-07	0.000653528326822255	0.000707213578500707
TX.VAL.MRCH.R2.ZS_lag1	4.0571401639245e-07	0.000429876410531972	0.000707213578500707
SP.POP.1564.FE.ZS_lag1	4.04420616323109e-07	0.000241079338338876	0.000707213578500707
FM.AST.DOMS.CN_rank	4.02013976028695e-07	0.00104564532291561	0.000707213578500707
SH.DTH.IMRT_lag1	4.00301743644435e-07	0.000243983908680309	0.000707213578500707
NY.ADJ.DKAP.GN.ZS_rank	3.99398669738698e-07	0.00036307129267903	0.000707213578500707
TM.VAL.TRAN.ZS.WT_delta1	3.98355412357093e-07	0.000238174767997444	0.000707213578500707
NV.AGR.TOTL.KD	3.98026139690747e-07	0.000691287741260874	0.000707213578500707
TX.VAL.AGRI.ZS.UN_lag1	3.95155439579877e-07	0.000316598167216115	0.000707213578500707
FM.LBL.BMNY.GD.ZS_min2	3.93768269275944e-07	0.000769711140479545	0.000707213578500707
BX.GRT.TECH.CD.WD_rank	3.90070043819955e-07	0.000888798524478267	0.000707213578500707
BM.TRF.PWKR.CD.DT_rank	3.81154974884225e-07	0.000839420828673918	0.000707213578500707
FS.AST.PRVT.GD.ZS	3.76800599773796e-07	0.000598341490335042	0.000707213578500707
BM.GSR.INSF.ZS_isNA_rank	3.76398585604177e-07	0.000278838752777495	0.000707213578500707
EN.GHG.CO2.IP.MT.CE.AR5_tend2	3.7463877843767e-07	0.000807470554918164	0.000707213578500707
NE.RSB.GNFS.CN_lag1	3.70021193303588e-07	0.000522822661457804	0.000707213578500707
BM.KLT.DINV.CD.WD_ratioavg2	3.69329398860618e-07	0.000342739300289005	0.000707213578500707
EN.GHG.N2O.TR.MT.CE.AR5_ratioavg2	3.6861113096303e-07	0.000432780980873404	0.000707213578500707
BX.KLT.DINV.CD.WD_ratiomax2	3.62439041028963e-07	0.000697096881943739	0.000707213578500707
SE.SEC.ENRL.GC.FE.ZS	3.57232385231484e-07	0.000331121018923276	0.000707213578500707
SH.MMR.RISK	3.48659704695557e-07	0.000511204380092075	0.000707213578500707
EG.USE.PCAP.KG.OE_ratioavg2	3.45933906820748e-07	0.000267220471411766	0.000707213578500707
DT.ODA.ALLD.KD_tend2	3.42871879133155e-07	0.000792947703211002	0.00141442715700141
BX.GSR.TRVL.ZS_ratiomax2	3.42692602544001e-07	0.000287552463801792	0.000707213578500707
NY.ADJ.NNTY.CD_lag1	3.40539516963923e-07	0.000473444965653456	0.000707213578500707
NV.AGR.TOTL.ZS_lag1	3.30297581059642e-07	0.000624482623407932	0.000707213578500707
DC.DAC.CANL.CD_min2	3.21349142019782e-07	0.000278838752777495	0.000707213578500707
SG.LAW.INDX_lag1	3.2134390298603e-07	0.000598341490335042	0.00141442715700141
BM.GSR.MRCH.CD_tend2	3.11002014061366e-07	0.000665146608187984	0.000707213578500707
BX.GSR.CMCP.ZS_lag1	3.06345420509694e-07	0.000342739300289005	0.000707213578500707
BX.GRT.TECH.CD.WD_tend2	3.00857284617048e-07	0.000345643870630437	0.000707213578500707
NV.SRV.TOTL.KD.ZG_lag1	2.98613066468332e-07	0.000342739300289005	0.000707213578500707
NE.CON.PRVT.ZS_ratiomax2	2.94686646609194e-07	0.000220747345948851	0.000707213578500707
SH.STA.MMRT_lag1	2.93811425487977e-07	0.000485063247019185	0.000707213578500707
EN.GHG.CH4.MT.CE.AR5_tend2	2.92595485682102e-07	0.000345643870630437	0.000707213578500707
TX.VAL.MRCH.WR.ZS_lag1	2.90207405844444e-07	0.000537345513164965	0.000707213578500707
SP.POP.0004.FE.5Y_delta1	2.88985004966921e-07	0.000546059224189262	0.000707213578500707
BX.GSR.MRCH.CD_isNA_rank	2.84346221710129e-07	0.000508299809750643	0.00141442715700141
EN.GHG.ALL.PC.CE.AR5_ratioavg2	2.79398541151514e-07	0.000307884456191818	0.000707213578500707
BX.GSR.TRVL.ZS_lag1	2.78403487720181e-07	0.000374689574044759	0.000707213578500707
SE.PRM.ENRR.FE_isNA_rank	2.75764006858737e-07	0.000807470554918164	0.000707213578500707
NY.GNP.PCAP.CN	2.70424403017684e-07	0.00040083070711765	0.000707213578500707
BM.GSR.CMCP.ZS_ratioavg2	2.66518842498474e-07	0.00023236562731458	0.000707213578500707
EN.GHG.N2O.IC.MT.CE.AR5_tend2	2.65109022145618e-07	0.000714524303992332	0.000707213578500707
DC.DAC.CANL.CD	2.6101877661211e-07	0.000339834729947573	0.000707213578500707
BX.GSR.TOTL.CD_ratioavg2	2.57532241997981e-07	0.000322407307898979	0.000707213578500707
SE.ENR.PRIM.FM.ZS_rank	2.56836454757925e-07	0.000223651916290283	0.000707213578500707
SP.POP.0004.MA.5Y_delta1	2.5665092278667e-07	0.000682574030236577	0.000707213578500707
dummy_crisis_2008_rank	2.53855892230269e-07	0.000226556486631715	0.000707213578500707
AG.LND.ARBL.HA.PC	2.50346707567217e-07	0.000217842775607418	0.000707213578500707
FD.AST.PRVT.GD.ZS_avg2	2.39411936672847e-07	0.000403735277459082	0.000707213578500707
SH.STA.MMRT_delta1	2.36230959930251e-07	0.000821993406625325	0.000707213578500707
SE.SEC.ENRR.FE_isNA_rank	2.35768763419102e-07	0.000607055201359339	0.000707213578500707
TX.VAL.OTHR.ZS.WT_lag1	2.34665396292277e-07	0.000528631802140668	0.000707213578500707
NY.GDP.COAL.RT.ZS_delta1	2.34347472849163e-07	0.000360166722337598	0.000707213578500707
BX.GSR.GNFS.CD_isNA_rank	2.3186857502688e-07	0.000392116996093353	0.000707213578500707
EG.ELC.HYRO.ZS_ratiomax2	2.31778676595523e-07	0.000517013520774939	0.000707213578500707
SE.PRM.ENRR.FE_lag1	2.30198980875742e-07	0.000220747345948851	0.000707213578500707
EG.ELC.FOSL.ZS_ratiomax2	2.24832153418195e-07	0.000636100904773661	0.000707213578500707
NE.GDI.TOTL.ZS_isNA_rank	2.23523629117468e-07	0.000223651916290283	0.000707213578500707
IS.AIR.GOOD.MT.K1_isNA_rank	2.18904543659633e-07	0.000357262151996166	0.000707213578500707
NE.GDI.TOTL.CD_isNA_rank	2.15305533161535e-07	0.000229461056973147	0.000707213578500707
BM.GSR.NFSV.CD_ratioavg2	2.10632678036277e-07	0.000429876410531972	0.000707213578500707
NY.ADJ.DMIN.GN.ZS_isNA_rank	2.09235997615649e-07	0.000546059224189262	0.000707213578500707
SP.POP.0509.FE.5Y	2.02394218815206e-07	0.000290457034143224	0.000707213578500707
NE.RSB.GNFS.ZS_isNA_rank	1.99534771132487e-07	0.000214938205265986	0.000707213578500707
SE.TER.ENRR_rank	1.97307540520463e-07	0.000313693596874682	0.000707213578500707
NE.EXP.GNFS.CD_rank	1.91185808227218e-07	0.000223651916290283	0.000707213578500707
EN.URB.MCTY.TL.ZS_ratioavg2	1.89010350884075e-07	0.000220747345948851	0.000707213578500707
NV.SRV.TOTL.ZS_delta1	1.83747626536001e-07	0.000264315901070334	0.000707213578500707
NE.CON.GOVT.CD_ratioavg2	1.83462734414234e-07	0.000354357581654734	0.000707213578500707
DC.DAC.FRAL.CD_max2	1.82364775712553e-07	0.000496681528384914	0.000707213578500707
BX.KLT.DINV.WD.GD.ZS_lag1	1.79276927937138e-07	0.000249793049363173	0.000707213578500707
BX.GSR.NFSV.CD_ratioavg2	1.7732489783941e-07	0.000702906022626603	0.000707213578500707
clase_isNA_rank	1.75518241853762e-07	0.000406639847800514	0.000707213578500707
FM.AST.PRVT.GD.ZS_avg2	1.69447157586582e-07	0.000255602190046037	0.000707213578500707
EN.GHG.N2O.AG.MT.CE.AR5_ratioavg2	1.61830207480385e-07	0.000397926136776217	0.000707213578500707
SP.POP.65UP.MA.ZS_delta1	1.55463595731927e-07	0.00028464789346036	0.000707213578500707
FD.AST.PRVT.GD.ZS_max2	1.55155134007968e-07	0.000447303832580566	0.000707213578500707
NE.CON.TOTL.KD.ZG_lag1	1.53889756114539e-07	0.000313693596874682	0.000707213578500707
IT.CEL.SETS.P2_tend2	1.48316488948268e-07	0.00025850676038747	0.000707213578500707
TX.VAL.OTHR.ZS.WT	1.44894782839552e-07	0.000241079338338876	0.000707213578500707
BM.GSR.NFSV.CD_isNA_rank	1.43415463618632e-07	0.000241079338338876	0.000707213578500707
SE.PRM.ENRL_lag1	1.28921102022847e-07	0.000220747345948851	0.000707213578500707
ER.FSH.CAPT.MT_max2	1.19382442878004e-07	0.000331121018923276	0.000707213578500707
DT.ODA.ODAT.GN.ZS_tend2	1.05230530178948e-07	0.000319502737557547	0.000707213578500707
AG.LND.CREL.HA_ratioavg2	8.61232175135779e-08	0.000220747345948851	0.000707213578500707
BM.GSR.TRVL.ZS_tend2	8.41472911302602e-08	0.000226556486631715	0.000707213578500707
